3361
3360 
3359 
3360 
3357 
3359 
3355 
3361 
3358 
3359 
3360 
3356 
3358 
3354 
3349 
3358 
3355 
3354 
3354 
3353 
3350 
3351 
3349 
3351 
3353 
3358 
3349 
3349 
3349 
3356 
3353 
3349 
3350 
3349 
3352 
3349 
3349 
3350 
3350 
3350 
3351 
3350 
3345 
3347 
3345 
3345 
3348 
3346 
3344 
3346 
3348 
3350 
3345 
3344 
3344 
3350 
3340 
3344 
3346 
3348 
3348 
3345 
3345 
3346 
3345 
3348 
3346 
3347 
3340 
3345 
3346 
3348 
3347 
3342 
3344 
3342 
3349 
3339 
3345 
3342 
3342 
3341 
3344 
3345 
3346 
3341 
3347 
3343 
3348 
3343 
3341 
3343 
3339 
3341 
3343 
3345 
3342 
3340 
3333 
3340 
3341 
3350 
3340 
3342 
3340 
3344 
3339 
3341 
3346 
3344 
3344 
3344 
3341 
3342 
3341 
3344 
3340 
3348 
3340 
3341 
3342 
3341 
3344 
3341 
3337 
3340 
3341 
3350 
3340 
3341 
3340 
3345 
3343 
3343 
3343 
3340 
3348 
3342 
3344 
3345 
3351 
3342 
3342 
3341 
3342 
3344 
3336 
3341 
3345 
3342 
3340 
3342 
3345 
3341 
3338 
3341 
3345 
3341 
3340 
3340 
3341 
3340 
3343 
3342 
3344 
3346 
3340 
3345 
3339 
3344 
3346 
3344 
3340 
3340 
3340 
3333 
3335 
3347 
3335 
3340 
3340 
3345 
3346 
3345 
3352 
3342 
3349 
3350 
3349 
3348 
3343 
3345 
3338 
3340 
3336 
3325 
3331 
3328 
3329 
3328 
3329 
3347 
3319 
3342 
3345 
3348 
3354 
3359 
3362 
3361 
3365 
3354 
3353 
3350 
3341 
3338 
3329 
3325 
3320 
3317 
3318 
3316 
3319 
3322 
3337 
3338 
3341 
3361 
3340 
3364 
3371 
3377 
3379 
3376 
3376 
3367 
3361 
3352 
3341 
3331 
3317 
3316 
3300 
3295 
3298 
3292 
3300 
3305 
3316 
3328 
3345 
3360 
3368 
3395 
3378 
3405 
3407 
3409 
3401 
3388 
3380 
3364 
3341 
3326 
3301 
3282 
3266 
3257 
3254 
3260 
3267 
3275 
3301 
3314 
3348 
3374 
3400 
3428 
3434 
3457 
3431 
3444 
3436 
3417 
3393 
3362 
3333 
3304 
3276 
3247 
3228 
3220 
3211 
3219 
3234 
3255 
3281 
3319 
3353 
3388 
3425 
3456 
3475 
3496 
3488 
3489 
3458 
3441 
3415 
3373 
3335 
3292 
3257 
3222 
3191 
3177 
3168 
3174 
3190 
3220 
3259 
3297 
3345 
3391 
3441 
3484 
3513 
3535 
3548 
3545 
3518 
3501 
3448 
3393 
3346 
3290 
3237 
3192 
3153 
3133 
3117 
3123 
3146 
3177 
3220 
3273 
3336 
3395 
3459 
3514 
3551 
3583 
3590 
3588 
3564 
3537 
3482 
3428 
3338 
3289 
3228 
3169 
3127 
3096 
3077 
3083 
3096 
3137 
3183 
3249 
3320 
3385 
3460 
3521 
3575 
3612 
3629 
3628 
3607 
3574 
3520 
3468 
3382 
3303 
3223 
3164 
3109 
3071 
3045 
3040 
3054 
3097 
3139 
3205 
3283 
3363 
3447 
3518 
3588 
3634 
3664 
3678 
3656 
3619 
3566 
3500 
3420 
3341 
3247 
3180 
3085 
3058 
3021 
3011 
3016 
3048 
3099 
3169 
3254 
3341 
3425 
3516 
3588 
3640 
3679 
3695 
3684 
3660 
3600 
3536 
3457 
3365 
3276 
3194 
3113 
3058 
2999 
2990 
2990 
3016 
3059 
3129 
3210 
3300 
3391 
3479 
3565 
3629 
3677 
3708 
3703 
3686 
3638 
3575 
3498 
3409 
3309 
3225 
3145 
3074 
3024 
2994 
2957 
2989 
3025 
3085 
3162 
3253 
3350 
3446 
3531 
3612 
3673 
3710 
3725 
3713 
3670 
3616 
3536 
3447 
3363 
3258 
3171 
3092 
3033 
2994 
2972 
2976 
2989 
3056 
3126 
3212 
3306 
3401 
3496 
3580 
3647 
3694 
3717 
3716 
3682 
3641 
3570 
3493 
3398 
3309 
3215 
3129 
3064 
3010 
2981 
2964 
2993 
3029 
3100 
3165 
3256 
3353 
3449 
3533 
3613 
3680 
3708 
3715 
3701 
3666 
3603 
3529 
3446 
3353 
3262 
3180 
3101 
3039 
3001 
2982 
2995 
3016 
3060 
3122 
3210 
3307 
3404 
3489 
3567 
3632 
3677 
3698 
3700 
3680 
3629 
3566 
3482 
3399 
3311 
3224 
3148 
3078 
3031 
3004 
2999 
3012 
3047 
3108 
3160 
3257 
3346 
3436 
3519 
3588 
3644 
3672 
3689 
3680 
3643 
3590 
3521 
3443 
3355 
3275 
3194 
3121 
3071 
3030 
3011 
3016 
3044 
3084 
3139 
3207 
3296 
3383 
3466 
3540 
3604 
3642 
3668 
3668 
3649 
3608 
3546 
3475 
3401 
3321 
3243 
3171 
3110 
3064 
3037 
3028 
3043 
3075 
3125 
3188 
3260 
3325 
3418 
3489 
3557 
3602 
3637 
3652 
3639 
3614 
3569 
3512 
3442 
3369 
3294 
3225 
3161 
3104 
3071 
3051 
3051 
3075 
3107 
3162 
3219 
3288 
3358 
3437 
3505 
3559 
3601 
3622 
3627 
3614 
3577 
3534 
3472 
3401 
3336 
3268 
3202 
3146 
3106 
3077 
3069 
3078 
3101 
3140 
3193 
3260 
3325 
3397 
3464 
3520 
3561 
3590 
3601 
3597 
3577 
3546 
3491 
3438 
3370 
3308 
3246 
3189 
3147 
3105 
3097 
3094 
3108 
3134 
3176 
3229 
3288 
3350 
3414 
3476 
3522 
3550 
3575 
3579 
3573 
3550 
3511 
3459 
3403 
3349 
3283 
3237 
3187 
3147 
3128 
3116 
3117 
3138 
3140 
3210 
3257 
3313 
3372 
3405 
3474 
3514 
3545 
3560 
3565 
3546 
3520 
3483 
3429 
3380 
3324 
3273 
3226 
3183 
3146 
3134 
3135 
3140 
3163 
3197 
3237 
3290 
3338 
3394 
3442 
3465 
3514 
3534 
3539 
3538 
3521 
3494 
3450 
3408 
3355 
3311 
3266 
3220 
3193 
3164 
3156 
3151 
3165 
3193 
3221 
3263 
3309 
3349 
3404 
3445 
3474 
3483 
3518 
3518 
3515 
3491 
3464 
3427 
3379 
3339 
3296 
3255 
3220 
3191 
3179 
3171 
3175 
3191 
3217 
3251 
3284 
3332 
3371 
3413 
3454 
3477 
3491 
3484 
3501 
3492 
3467 
3435 
3400 
3365 
3320 
3285 
3250 
3221 
3200 
3193 
3189 
3197 
3213 
3240 
3269 
3308 
3339 
3385 
3418 
3447 
3471 
3481 
3485 
3459 
3465 
3446 
3417 
3383 
3346 
3312 
3282 
3255 
3232 
3211 
3210 
3206 
3219 
3235 
3260 
3298 
3321 
3355 
3389 
3421 
3442 
3459 
3465 
3474 
3461 
3427 
3423 
3398 
3365 
3336 
3305 
3277 
3259 
3237 
3227 
3222 
3231 
3235 
3259 
3286 
3309 
3343 
3368 
3397 
3419 
3440 
3448 
3455 
3449 
3444 
3421 
3390 
3373 
3347 
3317 
3295 
3267 
3257 
3243 
3235 
3238 
3243 
3257 
3279 
3301 
3326 
3352 
3381 
3402 
3423 
3435 
3441 
3446 
3435 
3428 
3411 
3384 
3350 
3335 
3315 
3290 
3269 
3258 
3248 
3246 
3248 
3265 
3270 
3295 
3319 
3339 
3364 
3385 
3403 
3421 
3427 
3425 
3420 
3421 
3406 
3383 
3375 
3343 
3311 
3299 
3279 
3267 
3260 
3256 
3257 
3263 
3278 
3293 
3314 
3331 
3355 
3371 
3393 
3410 
3417 
3424 
3418 
3416 
3408 
3393 
3375 
3355 
3340 
3314 
3280 
3284 
3273 
3267 
3265 
3274 
3278 
3288 
3307 
3325 
3346 
3363 
3381 
3398 
3407 
3410 
3411 
3411 
3402 
3393 
3374 
3365 
3343 
3319 
3313 
3289 
3265 
3278 
3281 
3275 
3288 
3295 
3306 
3325 
3342 
3355 
3377 
3384 
3397 
3403 
3405 
3404 
3398 
3393 
3378 
3365 
3348 
3332 
3316 
3301 
3299 
3290 
3265 
3283 
3283 
3293 
3304 
3317 
3334 
3349 
3362 
3379 
3385 
3391 
3397 
3400 
3393 
3390 
3375 
3365 
3354 
3340 
3328 
3313 
3301 
3294 
3295 
3296 
3271 
3297 
3306 
3317 
3334 
3349 
3363 
3371 
3384 
3387 
3395 
3398 
3393 
3390 
3376 
3368 
3354 
3344 
3329 
3315 
3311 
3298 
3295 
3295 
3300 
3310 
3288 
3317 
3331 
3343 
3354 
3366 
3374 
3380 
3383 
3387 
3388 
3383 
3370 
3363 
3354 
3339 
3336 
3323 
3310 
3308 
3308 
3300 
3301 
3311 
3315 
3299 
3324 
3340 
3358 
3360 
3371 
3376 
3381 
3386 
3389 
3382 
3373 
3368 
3355 
3351 
3338 
3327 
3319 
3309 
3307 
3299 
3301 
3304 
3312 
3320 
3305 
3336 
3344 
3359 
3363 
3373 
3380 
3374 
3381 
3387 
3372 
3370 
3357 
3349 
3338 
3329 
3320 
3309 
3311 
3309 
3309 
3310 
3313 
3323 
3332 
3317 
3346 
3357 
3359 
3373 
3370 
3378 
3377 
3376 
3367 
3368 
3356 
3353 
3339 
3335 
3318 
3317 
3318 
3313 
3311 
3311 
3311 
3318 
3330 
3343 
3314 
3347 
3362 
3369 
3371 
3373 
3380 
3374 
3371 
3370 
3361 
3352 
3342 
3336 
3323 
3319 
3314 
3307 
3310 
3307 
3315 
3322 
3328 
3338 
3339 
3351 
3338 
3367 
3370 
3371 
3376 
3371 
3373 
3363 
3364 
3354 
3339 
3337 
3327 
3323 
3320 
3315 
3314 
3314 
3319 
3322 
3327 
3336 
3342 
3352 
3354 
3359 
3371 
3377 
3373 
3368 
3367 
3364 
3359 
3352 
3340 
3341 
3331 
3333 
3322 
3319 
3318 
3314 
3317 
3322 
3329 
3336 
3341 
3346 
3354 
3361 
3366 
3373 
3369 
3376 
3351 
3360 
3359 
3355 
3345 
3341 
3333 
3323 
3323 
3317 
3318 
3312 
3320 
3320 
3329 
3334 
3341 
3350 
3352 
3363 
3366 
3361 
3374 
3367 
3372 
3342 
3357 
3350 
3349 
3342 
3332 
3331 
3327 
3321 
3321 
3317 
3324 
3322 
3329 
3334 
3340 
3346 
3354 
3357 
3360 
3367 
3370 
3368 
3369 
3360 
3364 
3330 
3351 
3343 
3335 
3331 
3326 
3324 
3320 
3319 
3320 
3330 
3328 
3330 
3337 
3344 
3348 
3355 
3357 
3365 
3364 
3369 
3368 
3363 
3361 
3351 
3347 
3344 
3339 
3331 
3323 
3323 
3317 
3321 
3326 
3322 
3326 
3332 
3335 
3340 
3349 
3352 
3356 
3363 
3362 
3365 
3363 
3361 
3354 
3353 
3351 
3335 
3337 
3336 
3324 
3324 
3318 
3319 
3326 
3328 
3330 
3328 
3337 
3339 
3347 
3352 
3351 
3350 
3356 
3358 
3356 
3359 
3355 
3351 
3350 
3346 
3345 
3338 
3329 
3329 
3319 
3325 
3324 
3327 
3326 
3329 
3334 
3336 
3346 
3354 
3349 
3358 
3356 
3364 
3360 
3361 
3360 
3353 
3354 
3342 
3348 
3336 
3333 
3330 
3324 
3328 
3322 
3327 
3326 
3332 
3334 
3338 
3343 
3348 
3351 
3354 
3356 
3357 
3357 
3363 
3358 
3359 
3353 
3344 
3343 
3337 
3335 
3336 
3337 
3331 
3328 
3332 
3329 
3332 
3336 
3336 
3345 
3342 
3356 
3355 
3349 
3358 
3354 
3354 
3360 
3353 
3350 
3344 
3344 
3341 
3339 
3334 
3333 
3335 
3332 
3329 
3330 
3335 
3334 
3338 
3340 
3340 
3348 
3346 
3354 
3356 
3354 
3358 
3356 
3355 
3352 
3348 
3344 
3338 
3335 
3334 
3332 
3330 
3332 
3332 
3330 
3335 
3336 
3341 
3342 
3342 
3347 
3352 
3349 
3358 
3359 
3354 
3354 
3353 
3350 
3347 
3344 
3339 
3338 
3334 
3332 
3330 
3328 
3332 
3329 
3331 
3340 
3335 
3340 
3342 
3342 
3347 
3350 
3350 
3353 
3355 
3350 
3352 
3345 
3347 
3352 
3341 
3338 
3336 
3334 
3326 
3331 
3330 
3328 
3335 
3338 
3340 
3346 
3340 
3348 
3348 
3348 
3350 
3349 
3352 
3344 
3346 
3346 
3348 
3346 
3344 
3340 
3334 
3336 
3331 
3331 
3326 
3332 
3332 
3334 
3335 
3338 
3344 
3352 
3345 
3348 
3350 
3349 
3350 
3349 
3354 
3350 
3344 
3350 
3343 
3342 
3336 
3334 
3330 
3333 
3334 
3332 
3334 
3329 
3337 
3345 
3341 
3346 
3349 
3354 
3348 
3351 
3352 
3351 
3354 
3347 
3352 
3344 
3345 
3343 
3337 
3336 
3332 
3332 
3326 
3333 
3332 
3332 
3334 
3332 
3341 
3342 
3348 
3343 
3348 
3357 
3347 
3351 
3354 
3349 
3344 
3342 
3342 
3347 
3339 
3338 
3337 
3338 
3334 
3334 
3334 
3338 
3338 
3332 
3339 
3340 
3341 
3344 
3346 
3349 
3350 
3354 
3350 
3349 
3352 
3342 
3344 
3338 
3335 
3338 
3335 
3332 
3332 
3333 
3330 
3333 
3336 
3334 
3338 
3340 
3344 
3346 
3349 
3352 
3348 
3351 
3354 
3349 
3348 
3346 
3342 
3340 
3340 
3338 
3342 
3335 
3332 
3333 
3331 
3335 
3338 
3339 
3344 
3338 
3349 
3344 
3341 
3349 
3348 
3350 
3346 
3348 
3347 
3344 
3344 
3340 
3341 
3336 
3335 
3336 
3332 
3332 
3333 
3333 
3326 
3335 
3342 
3338 
3342 
3344 
3347 
3354 
3349 
3350 
3350 
3350 
3350 
3347 
3346 
3344 
3346 
3342 
3336 
3336 
3321 
3340 
3324 
3332 
3330 
3332 
3338 
3330 
3346 
3334 
3344 
3346 
3350 
3347 
3346 
3348 
3344 
3349 
3347 
3344 
3344 
3338 
3340 
3336 
3335 
3336 
3333 
3334 
3334 
3338 
3339 
3340 
3346 
3342 
3342 
3347 
3351 
3350 
3346 
3348 
3344 
3347 
3346 
3344 
3343 
3340 
3344 
3338 
3337 
3339 
3342 
3336 
3335 
3334 
3338 
3338 
3340 
3340 
3346 
3342 
3353 
3352 
3348 
3351 
3348 
3344 
3346 
3344 
3342 
3346 
3342 
3338 
3341 
3339 
3337 
3339 
3333 
3339 
3339 
3345 
3343 
3345 
3346 
3346 
3348 
3344 
3351 
3350 
3346 
3346 
3342 
3343 
3343 
3341 
3342 
3338 
3339 
3338 
3335 
3342 
3334 
3336 
3335 
3335 
3338 
3344 
3343 
3344 
3346 
3352 
3349 
3354 
3350 
3346 
3346 
3348 
3346 
3345 
3344 
3338 
3342 
3338 
3337 
3338 
3337 
3336 
3335 
3342 
3338 
3345 
3342 
3342 
3346 
3346 
3344 
3347 
3350 
3350 
3344 
3348 
3343 
3343 
3342 
3341 
3336 
3336 
3337 
3338 
3339 
3342 
3336 
3340 
3342 
3344 
3343 
3336 
3348 
3344 
3345 
3346 
3348 
3348 
3344 
3348 
3342 
3342 
3342 
3344 
3343 
3333 
3339 
3338 
3341 
3342 
3338 
3338 
3338 
3341 
3343 
3344 
3346 
3345 
3346 
3346 
3350 
3350 
3349 
3354 
3347 
3341 
3342 
3341 
3346 
3338 
3338 
3338 
3338 
3338 
3335 
3339 
3335 
3338 
3339 
3341 
3346 
3347 
3346 
3348 
3348 
3352 
3351 
3346 
3340 
3351 
3342 
3338 
3350 
3336 
3340 
3338 
3334 
3338 
3341 
3338 
3338 
3340 
3338 
3340 
3342 
3348 
3346 
3344 
3348 
3346 
3349 
3350 
3346 
3346 
3342 
3348 
3342 
3333 
3347 
3335 
3338 
3334 
3336 
3334 
3337 
3334 
3340 
3338 
3342 
3344 
3346 
3344 
3346 
3344 
3347 
3346 
3345 
3350 
3344 
3344 
3338 
3340 
3342 
3333 
3348 
3332 
3334 
3352 
3335 
3338 
3336 
3342 
3342 
3342 
3342 
3348 
3348 
3340 
3345 
3346 
3348 
3346 
3340 
3344 
3338 
3335 
3338 
3341 
3339 
3332 
3348 
3334 
3335 
3336 
3335 
3334 
3340 
3344 
3342 
3344 
3346 
3344 
3348 
3346 
3351 
3346 
3344 
3344 
3341 
3337 
3340 
3340 
3340 
3332 
3336 
3330 
3354 
3334 
3338 
3338 
3335 
3341 
3342 
3341 
3342 
3347 
3346 
3342 
3345 
3346 
3345 
3346 
3338 
3342 
3346 
3340 
3343 
3340 
3343 
3341 
3339 
3339 
3341 
3340 
3340 
3342 
3339 
3344 
3342 
3348 
3346 
3342 
3348 
3342 
3340 
3347 
3344 
3340 
3340 
3340 
3338 
3339 
3342 
3334 
3334 
3334 
3340 
3334 
3356 
3340 
3338 
3342 
3340 
3345 
3350 
3344 
3345 
3344 
3346 
3350 
3345 
3343 
3340 
3340 
3336 
3337 
3342 
3335 
3338 
3338 
3340 
3334 
3342 
3336 
3359 
3344 
3338 
3343 
3343 
3344 
3348 
3341 
3343 
3342 
3348 
3342 
3341 
3340 
3337 
3339 
3339 
3337 
3342 
3335 
3336 
3338 
3340 
3342 
3341 
3336 
3352 
3340 
3340 
3343 
3342 
3341 
3346 
3342 
3344 
3342 
3344 
3342 
3339 
3339 
3342 
3341 
3338 
3338 
3339 
3337 
3341 
3342 
3341 
3339 
3340 
3337 
3350 
3341 
3348 
3344 
3344 
3343 
3341 
3340 
3340 
3339 
3340 
3342 
3338 
3340 
3340 
3336 
3340 
3337 
3338 
3338 
3341 
3344 
3339 
3339 
3342 
3340 
3350 
3344 
3343 
3345 
3344 
3343 
3343 
3343 
3341 
3343 
3340 
3340 
3338 
3341 
3338 
3337 
3342 
3338 
3340 
3346 
3340 
3348 
3344 
3342 
3346 
3341 
3340 
3346 
3338 
3336 
3344 
3350 
3343 
3343 
3337 
3341 
3341 
3341 
3343 
3345 
3342 
3346 
3340 
3340 
3345 
3344 
3341 
3346 
3346 
3343 
3352 
3349 
3342 
3343 
3337 
3348 
3340 
3342 
3338 
3346 
3336 
3351 
3343 
3341 
3343 
3339 
3345 
3342 
3345 
3343 
3343 
3349 
3336 
3341 
3343 
3345 
3347 
3344 
3343 
3342 
3341 
3347 
3340 
3342 
3339 
3339 
3340 
3341 
3338 
3340 
3341 
3340 
3345 
3343 
3344 
3343 
3341 
3345 
3345 
3347 
3346 
3349 
3344 
3340 
3337 
3338 
3337 
3347 
3336 
3340 
3336 
3334 
3342 
3340 
3344 
3340 
3341 
3343 
3343 
3344 
3344 
3345 
3340 
3344 
3344 
3344 
3343 
3340 
3344 
3339 
3337 
3342 
3337 
3347 
3341 
3340 
3340 
3340 
3341 
3339 
3344 
3343 
3345 
3346 
3345 
3346 
3341 
3345 
3342 
3343 
3346 
3341 
3343 
3340 
3341 
3342 
3340 
3342 
3333 
3345 
3333 
3337 
3342 
3341 
3342 
3341 
3341 
3342 
3345 
3345 
3336 
3347 
3343 
3344 
3346 
3344 
3343 
3341 
3337 
3342 
3345 
3342 
3334 
3339 
3335 
3344 
3338 
3345 
3341 
3340 
3345 
3340 
3344 
3343 
3344 
3342 
3338 
3341 
3342 
3345 
3344 
3341 
3343 
3338 
3341 
3339 
3340 
3345 
3341 
3335 
3340 
3345 
3340 
3339 
3340 
3340 
3341 
3340 
3345 
3338 
3343 
3348 
3342 
3341 
3346 
3345 
3342 
3340 
3343 
3346 
3341 
3342 
3341 
3341 
3332 
3340 
3342 
3340 
3344 
3346 
3341 
3343 
3345 
3343 
3343 
3345 
3344 
3347 
3346 
3345 
3342 
3340 
3341 
3337 
3341 
3342 
3340 
3339 
3336 
3341 
3340 
3340 
3345 
3341 
3346 
3340 
3341 
3347 
3349 
3346 
3343 
3341 
3343 
3343 
3342 
3341 
3341 
3343 
3349 
3342 
3344 
3343 
3340 
3345 
3339 
3349 
3342 
3367 
3339 
3341 
3341 
3342 
3345 
3345 
3340 
3347 
3342 
3348 
3343 
3341 
3342 
3341 
3341 
3341 
3341 
3342 
3341 
3341 
3340 
3343 
3343 
3343 
3343 
3369 
3341 
3342 
3347 
3346 
3345 
3344 
3341 
3341 
3345 
3341 
3345 
3345 
3343 
3340 
3341 
3343 
3341 
3341 
3341 
3341 
3343 
3341 
3344 
3341 
3341 
3364 
3339 
3343 
3345 
3343 
3340 
3347 
3341 
3345 
3346 
3344 
3340 
3340 
3345 
3341 
3335 
3343 
3341 
3341 
3340 
3341 
3343 
3348 
3349 
3336 
3343 
3370 
3341 
3342 
3341 
3343 
3339 
3345 
3342 
3341 
3343 
3340 
3345 
3339 
3341 
3343 
3341 
3340 
3333 
3341 
3340 
3341 
3343 
3344 
3350 
3340 
3348 
3368 
3345 
3343 
3340 
3341 
3342 
3341 
3340 
3341 
3341 
3336 
3341 
3340 
3345 
3343 
3339 
3341 
3339 
3341 
3343 
3344 
3344 
3342 
3345 
3340 
3343 
3373 
3336 
3344 
3330 
3343 
3339 
3341 
3342 
3340 
3339 
3340 
3343 
3344 
3338 
3343 
3339 
3344 
3343 
3343 
3343 
3338 
3343 
3355 
3349 
3342 
3344 
3373 
3340 
3341 
3341 
3341 
3341 
3339 
3343 
3340 
3341 
3341 
3341 
3345 
3339 
3337 
3348 
3345 
3342 
3337 
3341 
3337 
3340 
3346 
3349 
3347 
3337 
3374 
3337 
3339 
3340 
3340 
3339 
3336 
3340 
3336 
3341 
3339 
3334 
3343 
3338 
3341 
3336 
3340 
3352 
3343 
3341 
3342 
3343 
3344 
3341 
3339 
3339 
3341 
3342 
3345 
3343 
3341 
3343 
3339 
3341 
3342 
3337 
3347 
3340 
3341 
3340 
3341 
3342 
3342 
3341 
3338 
3341 
3342 
3340 
3343 
3337 
3339 
3334 
3340 
3336 
3338 
3344 
3336 
3337 
3338 
3342 
3340 
3335 
3340 
3330 
3345 
3342 
3341 
3343 
3340 
3337 
3338 
3341 
3339 
3339 
3344 
3340 
3345 
3343 
3348 
3342 
3339 
3337 
3342 
3341 
3342 
3340 
3343 
3339 
3360 
3344 
3345 
3343 
3336 
3345 
3346 
3341 
3346 
3343 
3342 
3340 
3344 
3339 
3337 
3342 
3338 
3344 
3334 
3340 
3342 
3340 
3344 
3347 
3341 
3342 
3343 
3346 
3346 
3337 
3337 
3373 
3339 
3341 
3343 
3338 
3344 
3343 
3345 
3343 
3340 
3341 
3340 
3341 
3342 
3341 
3342 
3339 
3343 
3334 
3340 
3339 
3341 
3349 
3341 
3341 
3374 
3340 
3342 
3341 
3343 
3343 
3344 
3342 
3341 
3343 
3338 
3340 
3336 
3339 
3346 
3340 
3339 
3340 
3337 
3338 
3341 
3339 
3340 
3351 
3336 
3340 
3374 
3337 
3342 
3339 
3335 
3338 
3343 
3338 
3339 
3339 
3345 
3344 
3342 
3340 
3339 
3336 
3345 
3338 
3339 
3342 
3343 
3345 
3349 
3341 
3340 
3379 
3339 
3337 
3338 
3338 
3340 
3342 
3340 
3344 
3340 
3339 
3339 
3335 
3340 
3339 
3341 
3336 
3341 
3338 
3342 
3342 
3338 
3347 
3338 
3337 
3375 
3343 
3340 
3338 
3340 
3338 
3339 
3342 
3337 
3345 
3340 
3340 
3343 
3340 
3343 
3341 
3341 
3343 
3345 
3342 
3346 
3340 
3341 
3351 
3342 
3341 
3375 
3332 
3337 
3339 
3339 
3350 
3345 
3343 
3343 
3345 
3339 
3343 
3343 
3341 
3343 
3343 
3340 
3343 
3337 
3343 
3341 
3341 
3346 
3341 
3336 
3374 
3340 
3337 
3345 
3342 
3344 
3347 
3340 
3352 
3338 
3339 
3342 
3337 
3339 
3340 
3340 
3339 
3337 
3342 
3337 
3343 
3342 
3348 
3339 
3339 
3374 
3335 
3331 
3340 
3340 
3338 
3337 
3339 
3337 
3335 
3338 
3348 
3342 
3336 
3339 
3339 
3339 
3343 
3341 
3339 
3340 
3337 
3338 
3341 
3339 
3373 
3340 
3339 
3339 
3342 
3341 
3343 
3339 
3339 
3339 
3341 
3338 
3335 
3341 
3339 
3339 
3339 
3341 
3342 
3339 
3341 
3341 
3347 
3350 
3339 
3371 
3338 
3341 
3339 
3341 
3338 

