3355
3352
3357
3354
3357
3358
3357
3350
3352
3357
3355
3362
3352
3349
3352
3354
3355
3354
3353
3353
3350
3351
3350
3351
3352
3350
3351
3350
3347
3350
3349
3350
3347
3345
3342
3349
3352
3349
3345
3346
3348
3346
3347
3347
3345
3350
3346
3348
3347
3344
3350
3345
3345
3342
3345
3346
3346
3348
3346
3342
3342
3349
3355
3350
3345
3344
3347
3350
3347
3344
3342
3345
3341
3343
3344
3339
3344
3342
3344
3343
3344
3347
3339
3343
3342
3337
3338
3344
3351
3350
3341
3339
3344
3343
3339
3343
3342
3345
3346
3344
3342
3343
3343
3342
3345
3344
3341
3343
3342
3341
3343
3336
3340
3343
3348
3352
3341
3342
3342
3341
3339
3342
3346
3344
3343
3340
3343
3339
3341
3346
3343
3344
3342
3343
3340
3344
3339
3336
3339
3338
3345
3347
3336
3342
3339
3339
3342
3341
3342
3342
3343
3339
3344
3343
3344
3343
3339
3344
3339
3344
3346
3343
3342
3336
3337
3342
3347
3352
3339
3342
3339
3341
3339
3341
3344
3339
3339
3342
3345
3345
3340
3341
3339
3339
3338
3341
3339
3336
3341
3336
3335
3343
3349
3351
3342
3348
3350
3349
3352
3349
3350
3346
3345
3343
3341
3340
3331
3333
3335
3333
3334
3332
3336
3337
3344
3342
3348
3354
3358
3365
3354
3357
3360
3355
3352
3348
3344
3334
3330
3325
3320
3320
3318
3321
3323
3328
3336
3339
3345
3354
3361
3366
3367
3374
3378
3383
3370
3367
3360
3348
3342
3329
3321
3314
3307
3301
3300
3301
3304
3314
3323
3332
3351
3362
3376
3386
3393
3405
3403
3397
3395
3389
3368
3352
3335
3315
3302
3288
3276
3267
3264
3268
3275
3291
3311
3331
3351
3376
3399
3418
3431
3442
3441
3439
3426
3424
3387
3365
3326
3297
3273
3252
3237
3226
3226
3234
3246
3269
3298
3330
3363
3392
3423
3448
3467
3481
3481
3474
3460
3437
3400
3373
3339
3288
3259
3226
3205
3192
3189
3196
3209
3237
3271
3311
3354
3396
3441
3474
3505
3522
3529
3522
3498
3474
3431
3387
3339
3293
3243
3196
3169
3144
3140
3146
3164
3197
3238
3291
3346
3404
3460
3503
3539
3563
3573
3566
3542
3508
3458
3406
3350
3289
3230
3182
3149
3109
3101
3108
3125
3161
3202
3268
3331
3399
3464
3513
3562
3592
3609
3603
3583
3550
3495
3435
3370
3301
3234
3172
3128
3095
3074
3070
3086
3120
3166
3233
3304
3379
3454
3520
3574
3612
3637
3640
3623
3587
3533
3473
3398
3324
3254
3184
3116
3075
3051
3035
3049
3082
3132
3197
3270
3354
3434
3512
3575
3622
3657
3666
3655
3626
3575
3507
3433
3353
3270
3194
3133
3069
3044
3028
3023
3051
3096
3160
3233
3315
3404
3485
3560
3618
3661
3678
3681
3658
3613
3558
3474
3392
3304
3225
3154
3090
3034
3014
3012
3018
3059
3118
3191
3278
3366
3456
3535
3606
3660
3685
3693
3682
3641
3586
3511
3432
3342
3259
3178
3116
3062
3014
3010
3018
3037
3092
3157
3235
3322
3413
3496
3574
3634
3673
3688
3690
3664
3618
3552
3477
3389
3303
3220
3142
3082
3039
3016
3000
3025
3067
3116
3191
3274
3367
3451
3536
3610
3655
3686
3694
3677
3638
3583
3512
3427
3346
3258
3181
3114
3060
3026
3015
3023
3044
3092
3150
3234
3322
3408
3494
3566
3623
3662
3674
3674
3643
3601
3542
3466
3386
3302
3228
3154
3095
3054
3026
3026
3046
3082
3130
3190
3267
3354
3437
3514
3580
3626
3654
3666
3650
3622
3570
3508
3434
3350
3274
3195
3132
3086
3049
3032
3038
3063
3112
3172
3234
3304
3386
3468
3539
3594
3632
3654
3647
3625
3583
3532
3466
3390
3314
3238
3175
3122
3084
3062
3052
3070
3098
3147
3218
3285
3347
3416
3478
3542
3583
3618
3624
3622
3583
3548
3491
3428
3362
3287
3225
3170
3124
3092
3074
3077
3094
3131
3178
3238
3314
3380
3442
3491
3542
3590
3607
3606
3592
3559
3514
3458
3394
3325
3266
3202
3156
3118
3094
3092
3097
3124
3166
3217
3278
3338
3409
3468
3511
3546
3572
3590
3578
3560
3523
3479
3426
3364
3302
3244
3196
3155
3127
3114
3112
3127
3154
3198
3247
3302
3366
3418
3476
3519
3549
3558
3558
3554
3527
3495
3450
3398
3343
3286
3238
3192
3159
3142
3130
3134
3152
3185
3224
3276
3330
3382
3438
3478
3522
3546
3548
3550
3522
3499
3462
3417
3370
3314
3266
3222
3188
3162
3152
3151
3158
3184
3211
3257
3306
3354
3399
3444
3484
3506
3532
3534
3519
3495
3462
3432
3391
3348
3306
3259
3226
3198
3177
3170
3172
3186
3207
3243
3282
3326
3370
3408
3450
3478
3501
3514
3521
3509
3478
3460
3411
3371
3329
3287
3252
3218
3197
3190
3180
3194
3207
3233
3270
3305
3346
3386
3424
3456
3479
3494
3500
3494
3476
3456
3426
3389
3354
3314
3280
3246
3223
3204
3199
3202
3209
3230
3254
3288
3323
3357
3396
3422
3447
3468
3479
3478
3468
3454
3428
3399
3370
3336
3303
3270
3248
3227
3217
3214
3219
3228
3252
3276
3306
3340
3374
3406
3443
3442
3461
3470
3464
3450
3431
3410
3383
3353
3322
3294
3270
3248
3236
3230
3231
3240
3252
3275
3297
3325
3358
3383
3406
3426
3444
3450
3453
3445
3435
3414
3390
3365
3339
3312
3292
3267
3253
3244
3241
3246
3252
3269
3288
3312
3338
3364
3387
3408
3425
3434
3441
3442
3431
3419
3390
3366
3346
3324
3304
3282
3270
3258
3255
3251
3260
3272
3284
3305
3330
3349
3374
3390
3408
3416
3425
3426
3422
3414
3396
3373
3347
3333
3318
3298
3282
3270
3270
3262
3268
3276
3288
3306
3320
3343
3362
3377
3396
3405
3412
3416
3413
3406
3399
3385
3364
3344
3322
3309
3296
3280
3277
3272
3273
3282
3289
3302
3317
3337
3352
3369
3385
3393
3404
3406
3406
3402
3392
3382
3366
3355
3330
3309
3304
3292
3285
3280
3291
3288
3297
3308
3317
3336
3347
3361
3374
3383
3390
3394
3396
3391
3385
3377
3364
3356
3342
3324
3307
3301
3297
3291
3291
3294
3301
3310
3317
3331
3341
3355
3366
3377
3383
3385
3389
3387
3385
3380
3367
3354
3343
3337
3322
3309
3304
3297
3299
3298
3305
3310
3317
3332
3339
3349
3362
3372
3378
3380
3384
3380
3380
3374
3367
3358
3344
3334
3322
3319
3308
3299
3300
3302
3309
3313
3324
3331
3337
3351
3356
3365
3371
3376
3380
3375
3373
3372
3376
3360
3348
3340
3331
3325
3320
3319
3321
3306
3309
3313
3321
3330
3337
3344
3352
3361
3364
3367
3371
3369
3372
3366
3360
3355
3345
3340
3329
3323
3320
3313
3312
3316
3311
3315
3326
3330
3340
3347
3350
3361
3363
3369
3374
3371
3368
3364
3360
3352
3345
3339
3329
3328
3320
3320
3318
3316
3321
3325
3325
3332
3337
3342
3348
3358
3357
3365
3366
3367
3365
3360
3357
3352
3345
3343
3335
3329
3325
3321
3320
3319
3320
3317
3326
3336
3337
3342
3348
3356
3357
3361
3365
3365
3366
3361
3360
3352
3348
3342
3337
3331
3322
3323
3320
3321
3324
3325
3327
3332
3341
3348
3348
3355
3357
3362
3363
3363
3362
3357
3356
3349
3341
3340
3333
3330
3325
3324
3321
3321
3326
3325
3333
3332
3341
3341
3349
3360
3355
3357
3358
3359
3358
3357
3355
3349
3348
3342
3340
3331
3328
3332
3319
3323
3324
3325
3330
3333
3340
3341
3349
3352
3357
3363
3357
3361
3359
3357
3358
3351
3345
3340
3337
3328
3327
3325
3320
3324
3322
3327
3330
3333
3341
3343
3349
3354
3357
3360
3357
3364
3354
3356
3354
3349
3343
3337
3336
3330
3329
3328
3328
3324
3324
3332
3331
3335
3340
3341
3350
3350
3357
3359
3357
3361
3355
3360
3352
3349
3344
3341
3337
3328
3331
3330
3327
3327
3324
3329
3328
3337
3340
3344
3347
3352
3357
3358
3361
3361
3359
3355
3352
3353
3343
3340
3337
3331
3327
3327
3325
3327
3325
3328
3330
3335
3339
3345
3350
3350
3356
3357
3353
3368
3359
3356
3356
3349
3345
3341
3340
3333
3331
3326
3325
3323
3325
3332
3329
3333
3337
3341
3340
3348
3353
3353
3357
3360
3359
3360
3353
3353
3347
3345
3343
3337
3331
3332
3325
3323
3325
3329
3325
3334
3336
3341
3346
3348
3356
3353
3357
3360
3357
3360
3354
3353
3347
3346
3342
3340
3337
3332
3329
3325
3325
3330
3329
3331
3334
3341
3342
3349
3353
3353
3357
3356
3358
3355
3356
3356
3347
3343
3342
3341
3336
3332
3332
3329
3329
3327
3327
3331
3332
3337
3339
3345
3352
3351
3354
3356
3356
3354
3357
3354
3349
3348
3342
3340
3338
3333
3333
3326
3329
3330
3333
3327
3332
3336
3336
3344
3348
3349
3355
3353
3357
3355
3357
3356
3349
3345
3342
3341
3336
3329
3333
3328
3331
3326
3336
3334
3329
3336
3335
3337
3343
3348
3352
3351
3355
3354
3357
3354
3353
3343
3344
3345
3339
3337
3338
3333
3330
3332
3332
3332
3335
3332
3333
3341
3342
3343
3352
3352
3357
3354
3355
3356
3353
3352
3344
3344
3339
3338
3336
3333
3335
3328
3332
3330
3337
3340
3333
3336
3340
3345
3346
3351
3352
3353
3356
3352
3353
3352
3348
3348
3339
3338
3336
3333
3336
3332
3333
3330
3335
3342
3341
3339
3338
3345
3347
3350
3354
3355
3354
3353
3356
3350
3349
3348
3344
3343
3336
3336
3334
3332
3336
3309
3333
3335
3343
3344
3335
3341
3341
3351
3352
3353
3355
3352
3355
3350
3349
3348
3345
3341
3336
3337
3332
3333
3336
3331
3335
3334
3337
3339
3349
3352
3341
3345
3350
3349
3352
3351
3352
3347
3349
3346
3345
3342
3336
3337
3331
3333
3334
3333
3331
3332
3336
3338
3339
3346
3345
3344
3346
3360
3350
3349
3352
3351
3348
3348
3345
3342
3338
3337
3332
3334
3334
3332
3335
3332
3339
3337
3341
3343
3351
3350
3342
3348
3348
3349
3352
3348
3349
3346
3346
3343
3340
3342
3334
3337
3334
3333
3334
3334
3338
3336
3341
3342
3345
3347
3350
3353
3342
3351
3352
3349
3348
3346
3345
3342
3341
3333
3333
3335
3334
3334
3331
3332
3336
3331
3335
3338
3337
3342
3344
3347
3353
3351
3342
3352
3350
3342
3342
3338
3339
3342
3333
3331
3331
3332
3330
3333
3334
3332
3338
3338
3344
3346
3345
3350
3347
3347
3356
3351
3342
3346
3348
3339
3339
3338
3337
3337
3332
3336
3331
3333
3338
3333
3334
3336
3340
3338
3341
3342
3342
3346
3342
3348
3354
3351
3342
3344
3339
3340
3335
3336
3332
3336
3331
3335
3335
3337
3338
3336
3341
3343
3353
3350
3349
3346
3348
3348
3346
3345
3352
3347
3336
3342
3340
3336
3333
3336
3331
3333
3335
3337
3338
3336
3338
3339
3341
3342
3345
3347
3344
3345
3343
3341
3346
3344
3338
3338
3341
3336
3335
3339
3334
3337
3336
3340
3338
3340
3344
3341
3341
3342
3345
3342
3340
3344
3344
3346
3344
3345
3343
3339
3341
3336
3337
3339
3335
3334
3334
3329
3334
3333
3337
3337
3344
3342
3340
3347
3344
3340
3339
3341
3320
3337
3342
3344
3342
3336
3335
3342
3337
3335
3334
3339
3336
3337
3342
3339
3338
3338
3341
3339
3343
3344
3343
3346
3342
3344
3343
3345
3346
3331
3339
3338
3337
3336
3334
3336
3333
3335
3338
3341
3339
3338
3342
3339
3343
3346
3347
3344
3342
3344
3342
3341
3342
3341
3342
3334
3339
3338
3336
3360
3334
3333
3338
3337
3340
3339
3343
3342
3347
3347
3352
3351
3345
3347
3339
3343
3346
3339
3337
3340
3341
3331
3339
3337
3331
3338
3334
3338
3338
3340
3344
3339
3339
3346
3345
3350
3343
3347
3346
3347
3347
3347
3343
3340
3341
3339
3341
3336
3339
3336
3337
3341
3336
3341
3339
3339
3339
3342
3344
3343
3344
3348
3341
3339
3340
3337
3338
3338
3336
3333
3335
3342
3339
3339
3339
3341
3343
3345
3350
3352
3346
3348
3349
3347
3345
3346
3341
3343
3342
3341
3338
3337
3338
3336
3335
3338
3340
3340
3340
3342
3337
3341
3336
3341
3343
3342
3347
3347
3349
3354
3351
3346
3348
3348
3342
3341
3339
3337
3339
3334
3337
3339
3337
3341
3339
3337
3338
3341
3338
3339
3342
3338
3344
3342
3344
3342
3338
3341
3336
3340
3340
3337
3335
3334
3360
3339
3345
3345
3343
3347
3342
3347
3347
3345
3352
3346
3347
3350
3351
3347
3346
3347
3339
3341
3339
3333
3342
3336
3339
3336
3337
3342
3339
3344
3343
3344
3338
3339
3339
3337
3342
3342
3344
3343
3341
3341
3339
3341
3339
3341
3342
3341
3342
3341
3345
3347
3345
3346
3342
3345
3343
3343
3348
3345
3343
3342
3345
3339
3343
3342
3339
3346
3346
3345
3343
3344
3348
3339
3339
3342
3341
3339
3341
3347
3345
3344
3342
3341
3339
3338
3341
3339
3341
3342
3339
3338
3338
3344
3336
3337
3339
3339
3345
3342
3347
3343
3344
3352
3345
3341
3346
3341
3342
3342
3349
3339
3347
3343
3348
3347
3336
3345
3339
3345
3346
3345
3344
3343
3344
3343
3345
3345
3345
3347
3343
3345
3343
3349
3346
3343
3345
3345
3343
3344
3340
3339
3344
3344
3342
3345
3343
3340
3345
3346
3347
3352
3347
3343
3345
3349
3343
3345
3347
3341
3344
3342
3345
3339
3340
3343
3341
3343
3343
3345
3342
3341
3343
3344
3344
3342
3341
3342
3336
3341
3343
3335
3343
3344
3342
3345
3345
3345
3347
3344
3345
3346
3338
3345
3346
3345
3348
3345
3343
3346
3349
3342
3345
3349
3338
3344
3350
3339
3342
3344
3347
3345
3347
3348
3345
3344
3341
3341
3342
3343
3345
3344
3347
3346
3345
3343
3344
3346
3341
3339
3346
3345
3352
3337
3339
3339
3345
3342
3341
3342
3337
3337
3337
3339
3343
3345
3345
3345
3353
3346
3348
3347
3345
3350
3343
3349
3343
3345
3352
3337
3341
3343
3345
3346
3342
3345
3344
3345
3346
3348
3350
3344
3349
3343
3347
3352
3349
3342
3344
3345
3345
3345
3344
3339
3351
3338
3341
3346
3340
3344
3328
3339
3343
3343
3342
3341
3347
3342
3345
3346
3347
3350
3346
3349
3345
3351
3350
3347
3339
3337
3351
3338
3341
3345
3343
3350
3343
3347
3346
3345
3352
3345
3345
3348
3349
3346
3348
3348
3344
3349
3350
3349
3347
3343
3336
3342
3349
3339
3341
3342
3342
3349
3343
3345
3347
3343
3348
3346
3348
3347
3348
3349
3345
3341
3345
3348
3346
3343
3345
3339
3339
3342
3350
3338
3337
3345
3342
3345
3350
3345
3346
3346
3345
3347
3349
3347
3345
3349
3343
3345
3346
3344
3339
3339
3340
3343
3341
3339
3348
3337
3338
3344
3347
3347
3355
3340
3345
3340
3343
3346
3342
3344
3346
3345
3347
3345
3347
3345
3346
3342
3346
3347
3345
3348
3339
3347
3355
3337
3342
3340
3343
3339
3347
3346
3345
3346
3339
3345
3343
3345
3347
3345
3342
3344
3348
3344
3345
3346
3345
3346
3342
3341
3347
3336
3346
3338
3335
3340
3341
3342
3338
3344
3344
3346
3346
3345
3343
3340
3344
3344
3341
3350
3345
3344
3345
3348
3342
3345
3347
3337
3342
3342
3345
3346
3345
3348
3346
3345
3350
3353
3346
3344
3342
3344
3347
3346
3345
3342
3340
3348
3344
3345
3350
3345
3346
3336
3343
3342
3345
3346
3345
3350
3346
3348
3351
3345
3348
3343
3342
3342
3345
3346
3342
3345
3342
3342
3346
3344
3340
3342
3347
3336
3341
3346
3347
3344
3342
3348
3341
3345
3346
3344
3346
3342
3345
3346
3344
3348
3344
3345
3344
3345
3344
3342
3341
3342
3338
3342
3346
3346
3344
3349
3345
3347
3350
3345
3344
3344
3345
3344
3344
3344
3338
3342
3342
3344
3346
3345
3348
3344
3343
3340
3343
3346
3346
3347
3345
3347
3346
3345
3347
3344
3345
3344
3345
3346
3342
3338
3340
3344
3338
3340
3340
3338
3342
3340
3338
3342
3340
3340
3344
3344
3346
3345
3346
3345
3344
3344
3347
3346
3346
3346
3342
3342
3338
3343
3342
3340
3344
3348
3341
3336
3341
3344
3341
3345
3346
3347
3346
3340
3347
3340
3340
3342
3341
3338
3335
3340
3336
3346
3342
3344
3347
3346
3344
3339
3335
3342
3343
3338
3340
3344
3340
3343
3345
3341
3344
3342
3341
3339
3344
3344
3341
3341
3343
3341
3344
3344
3352
3344
3338
3338
3341
3339
3334
3342
3338
3335
3342
3339
3334
3336
3340
3338
3344
3342
3338
3344
3338
3335
3338
3340
3344
3342
3343
3340
3340
3338
3334
3340
3338
3344
3346
3348
3350
3343
3347
3342
3344
3343
3341
3338
3342
3340
3342
3342
3344
3340
3348
3342
3338
3338
3340
3342
3338
3337
3340
3341
3340
3340
3340
3338
3346
3342
3341
3342
3338
3340
3340
3341
3346
3345
3336
3342
3344
3340
3340
3344
3340
3342
3338
3344
3343
3344
3344
3341
3345
3342
3343
3342
3338
3340
3338
3345
3338
3344
3346
3338
3342
3338
3337
3342
3340
3338
3340
3340
3338
3341
3339
3337
3340
3338
3340
3342
3344
3342
3339
3338
3340
3340
3330
3332
3335
3334
3342
3342
3340
3328
3336
3345
3342
3344
3342
3341
3345
3340
3341
3340
3335
3340
3340
3343
3340
3341
3342
3340
3343
3340
3340
3343
3345
3344
3342
3349
3346
3335
3354
3345
3342
3340
3342
3342
3343
3344
3344
3342
3342
3341
3344
3343
3344
3341
3342
3336
3344
3343
3344
3346
3341
3351
3348
3335
3354
3340
3338
3337
3340
3342
3340
3342
3338
3341
3339
3345
3346
3344
3340
3340
3345
3340
3341
3344
3341
3340
3340
3350
3346
3335
3356
3339
3335
3339
3341
3342
3340
3341
3339
3344
3342
3344
3343
3344
3347
3344
3345
3346
3345
3344
3344
3345
3344
3349
3347
3332
3351
3338
3337
3338
3340
3342
3339
3339
3336
3341
3344
3340
3342
3339
3345
3346
3345
3346
3342
3345
3343
3343
3346
3349
3348
3332
3351
3338
3335
3338
3337
3342
3336
3341
3342
3344
3342
3339
3344
3346
