3448 
3447 
3448 
3446 
3447 
3450 
3449 
3449 
3443 
3447 
3446 
3444 
3454 
3445 
3446 
3446 
3447 
3448 
3449 
3448 
3447 
3446 
3445 
3447 
3451 
3447 
3446 
3440 
3444 
3439 
3441 
3446 
3443 
3443 
3438 
3437 
3438 
3439 
3442 
3441 
3446 
3442 
3444 
3439 
3441 
3444 
3438 
3439 
3442 
3437 
3440 
3438 
3437 
3436 
3439 
3434 
3437 
3443 
3434 
3437 
3434 
3431 
3436 
3437 
3428 
3434 
3439 
3439 
3439 
3439 
3436 
3438 
3436 
3435 
3435 
3433 
3428 
3433 
3433 
3434 
3436 
3434 
3431 
3437 
3432 
3440 
3434 
3431 
3435 
3431 
3437 
3432 
3437 
3438 
3439 
3438 
3436 
3437 
3434 
3435 
3435 
3437 
3438 
3434 
3436 
3438 
3436 
3436 
3432 
3433 
3438 
3437 
3436 
3430 
3436 
3434 
3437 
3438 
3436 
3437 
3429 
3436 
3435 
3433 
3439 
3436 
3434 
3434 
3437 
3434 
3437 
3446 
3436 
3438 
3435 
3441 
3439 
3440 
3437 
3429 
3439 
3438 
3436 
3438 
3437 
3436 
3434 
3441 
3438 
3445 
3442 
3436 
3438 
3439 
3437 
3442 
3441 
3438 
3442 
3437 
3436 
3439 
3435 
3436 
3439 
3428 
3436 
3439 
3436 
3436 
3435 
3437 
3438 
3437 
3438 
3437 
3437 
3436 
3439 
3443 
3440 
3442 
3438 
3441 
3439 
3445 
3446 
3443 
3433 
3439 
3437 
3433 
3436 
3438 
3432 
3442 
3438 
3439 
3439 
3441 
3438 
3438 
3440 
3442 
3444 
3442 
3442 
3439 
3440 
3444 
3442 
3444 
3439 
3436 
3440 
3435 
3441 
3439 
3429 
3436 
3436 
3439 
3439 
3441 
3446 
3441 
3442 
3442 
3444 
3443 
3444 
3446 
3443 
3445 
3442 
3445 
3444 
3443 
3443 
3443 
3445 
3439 
3441 
3439 
3436 
3441 
3439 
3439 
3439 
3441 
3438 
3439 
3441 
3442 
3444 
3448 
3442 
3448 
3446 
3447 
3448 
3445 
3448 
3442 
3445 
3445 
3441 
3436 
3437 
3433 
3431 
3436 
3434 
3436 
3437 
3436 
3448 
3443 
3439 
3454 
3453 
3455 
3454 
3453 
3451 
3423 
3449 
3443 
3443 
3436 
3433 
3432 
3428 
3428 
3423 
3425 
3424 
3431 
3436 
3439 
3447 
3451 
3461 
3466 
3469 
3471 
3466 
3468 
3462 
3457 
3451 
3451 
3432 
3424 
3421 
3414 
3411 
3405 
3411 
3415 
3426 
3429 
3435 
3445 
3460 
3469 
3477 
3489 
3493 
3498 
3487 
3484 
3472 
3463 
3450 
3437 
3421 
3400 
3393 
3384 
3377 
3380 
3381 
3385 
3397 
3415 
3432 
3452 
3475 
3493 
3513 
3524 
3537 
3535 
3533 
3524 
3495 
3481 
3458 
3429 
3400 
3372 
3352 
3334 
3326 
3326 
3333 
3351 
3366 
3401 
3422 
3469 
3503 
3541 
3570 
3582 
3597 
3596 
3585 
3563 
3532 
3499 
3454 
3409 
3368 
3332 
3300 
3269 
3261 
3262 
3277 
3302 
3336 
3381 
3428 
3485 
3535 
3580 
3616 
3636 
3660 
3654 
3645 
3618 
3575 
3524 
3468 
3409 
3346 
3295 
3247 
3213 
3199 
3192 
3209 
3240 
3279 
3344 
3403 
3484 
3550 
3617 
3672 
3708 
3728 
3736 
3719 
3686 
3636 
3567 
3488 
3413 
3330 
3257 
3200 
3152 
3124 
3116 
3125 
3168 
3225 
3299 
3381 
3479 
3564 
3657 
3720 
3772 
3804 
3809 
3785 
3747 
3685 
3606 
3519 
3419 
3329 
3237 
3162 
3103 
3067 
3049 
3068 
3107 
3169 
3252 
3349 
3453 
3556 
3660 
3744 
3815 
3849 
3865 
3859 
3814 
3749 
3663 
3561 
3456 
3339 
3239 
3148 
3073 
3020 
2996 
3000 
3033 
3099 
3184 
3292 
3407 
3526 
3652 
3754 
3841 
3903 
3937 
3923 
3892 
3829 
3732 
3620 
3499 
3372 
3255 
3140 
3052 
2985 
2943 
2942 
2969 
3029 
3119 
3233 
3363 
3495 
3619 
3749 
3851 
3926 
3965 
3979 
3940 
3881 
3791 
3677 
3554 
3421 
3291 
3164 
3061 
2979 
2927 
2904 
2921 
2967 
3052 
3162 
3292 
3429 
3577 
3709 
3829 
3919 
3980 
4002 
3989 
3947 
3856 
3753 
3626 
3487 
3343 
3207 
3085 
2987 
2921 
2888 
2881 
2918 
2986 
3089 
3217 
3361 
3513 
3657 
3793 
3900 
3985 
4024 
4025 
3990 
3919 
3813 
3690 
3549 
3412 
3258 
3127 
3016 
2935 
2882 
2865 
2885 
2940 
3033 
3153 
3293 
3446 
3599 
3738 
3857 
3953 
4012 
4035 
4018 
3961 
3879 
3758 
3620 
3481 
3333 
3193 
3065 
2969 
2900 
2861 
2866 
2903 
2980 
3081 
3213 
3362 
3519 
3667 
3796 
3913 
3986 
4037 
4038 
3995 
3923 
3820 
3697 
3556 
3405 
3263 
3131 
3018 
2926 
2880 
2862 
2881 
2940 
3025 
3147 
3287 
3437 
3586 
3727 
3849 
3944 
4005 
4026 
4007 
3955 
3867 
3759 
3625 
3481 
3343 
3205 
3083 
2986 
2917 
2876 
2881 
2917 
2985 
3090 
3211 
3354 
3502 
3648 
3778 
3881 
3959 
4002 
4009 
3976 
3907 
3813 
3694 
3564 
3419 
3289 
3151 
3043 
2968 
2912 
2889 
2906 
2956 
3039 
3150 
3276 
3419 
3557 
3699 
3811 
3906 
3962 
3989 
3978 
3927 
3862 
3745 
3619 
3494 
3361 
3234 
3117 
3025 
2958 
2925 
2920 
2948 
3010 
3098 
3217 
3343 
3481 
3616 
3735 
3834 
3904 
3952 
3955 
3933 
3875 
3787 
3687 
3562 
3439 
3315 
3197 
3103 
3018 
2967 
2946 
2953 
2998 
3060 
3159 
3271 
3399 
3530 
3655 
3759 
3844 
3903 
3928 
3923 
3894 
3827 
3736 
3626 
3509 
3384 
3271 
3168 
3078 
3019 
2982 
2972 
2987 
3048 
3126 
3219 
3337 
3457 
3577 
3683 
3775 
3845 
3878 
3897 
3878 
3833 
3763 
3668 
3563 
3455 
3345 
3246 
3149 
3078 
3028 
3007 
3010 
3045 
3104 
3179 
3279 
3383 
3495 
3603 
3696 
3774 
3827 
3853 
3854 
3831 
3774 
3703 
3617 
3515 
3411 
3314 
3223 
3147 
3080 
3045 
3019 
3045 
3090 
3152 
3232 
3325 
3428 
3529 
3623 
3710 
3773 
3821 
3830 
3820 
3787 
3729 
3658 
3569 
3475 
3382 
3293 
3210 
3142 
3096 
3075 
3069 
3090 
3139 
3203 
3278 
3368 
3462 
3555 
3638 
3707 
3755 
3786 
3793 
3774 
3731 
3681 
3609 
3534 
3442 
3359 
3282 
3211 
3158 
3122 
3095 
3110 
3133 
3174 
3239 
3315 
3398 
3485 
3566 
3637 
3698 
3734 
3761 
3759 
3739 
3703 
3643 
3576 
3498 
3420 
3339 
3271 
3210 
3163 
3138 
3128 
3141 
3174 
3216 
3276 
3346 
3427 
3506 
3577 
3640 
3687 
3720 
3731 
3728 
3695 
3664 
3609 
3538 
3470 
3398 
3329 
3274 
3219 
3179 
3158 
3156 
3176 
3205 
3251 
3305 
3371 
3442 
3513 
3579 
3633 
3676 
3697 
3707 
3698 
3673 
3630 
3575 
3520 
3451 
3387 
3326 
3271 
3227 
3189 
3178 
3171 
3201 
3230 
3280 
3327 
3390 
3463 
3526 
3583 
3635 
3667 
3691 
3690 
3679 
3648 
3609 
3557 
3491 
3429 
3370 
3313 
3263 
3224 
3196 
3187 
3199 
3218 
3261 
3304 
3358 
3419 
3475 
3541 
3590 
3629 
3656 
3670 
3669 
3650 
3619 
3579 
3525 
3471 
3414 
3357 
3310 
3265 
3240 
3213 
3209 
3218 
3243 
3278 
3323 
3377 
3435 
3487 
3539 
3593 
3627 
3650 
3665 
3656 
3635 
3606 
3561 
3502 
3452 
3399 
3344 
3299 
3258 
3233 
3223 
3218 
3235 
3263 
3300 
3345 
3402 
3451 
3510 
3555 
3594 
3625 
3645 
3642 
3634 
3610 
3574 
3534 
3478 
3432 
3377 
3333 
3295 
3263 
3243 
3236 
3239 
3258 
3289 
3330 
3373 
3423 
3467 
3521 
3567 
3589 
3621 
3627 
3627 
3614 
3588 
3550 
3506 
3461 
3411 
3367 
3326 
3289 
3261 
3245 
3247 
3251 
3277 
3311 
3351 
3395 
3438 
3495 
3534 
3573 
3598 
3611 
3622 
3614 
3594 
3567 
3525 
3487 
3435 
3387 
3347 
3309 
3282 
3261 
3261 
3258 
3279 
3302 
3339 
3379 
3419 
3468 
3503 
3549 
3582 
3601 
3602 
3598 
3591 
3566 
3537 
3499 
3461 
3423 
3378 
3341 
3307 
3285 
3274 
3270 
3280 
3294 
3327 
3358 
3395 
3438 
3477 
3514 
3550 
3575 
3594 
3600 
3587 
3571 
3551 
3522 
3477 
3443 
3404 
3365 
3331 
3305 
3288 
3277 
3282 
3290 
3315 
3342 
3381 
3391 
3457 
3491 
3522 
3559 
3571 
3582 
3577 
3567 
3551 
3531 
3497 
3462 
3422 
3389 
3353 
3329 
3310 
3297 
3294 
3300 
3317 
3339 
3367 
3403 
3433 
3474 
3498 
3526 
3551 
3559 
3568 
3559 
3547 
3530 
3508 
3480 
3442 
3414 
3376 
3353 
3327 
3317 
3307 
3304 
3320 
3331 
3355 
3386 
3415 
3448 
3476 
3508 
3526 
3541 
3563 
3551 
3554 
3534 
3514 
3487 
3459 
3428 
3395 
3369 
3346 
3329 
3318 
3315 
3322 
3334 
3356 
3378 
3409 
3439 
3463 
3493 
3515 
3533 
3544 
3543 
3544 
3532 
3517 
3486 
3469 
3440 
3411 
3393 
3366 
3348 
3336 
3335 
3332 
3339 
3355 
3374 
3396 
3422 
3440 
3471 
3490 
3511 
3526 
3533 
3535 
3520 
3521 
3499 
3477 
3455 
3431 
3400 
3383 
3365 
3352 
3341 
3339 
3341 
3353 
3366 
3381 
3407 
3431 
3460 
3477 
3497 
3513 
3524 
3526 
3519 
3513 
3491 
3487 
3464 
3444 
3419 
3392 
3380 
3363 
3353 
3352 
3354 
3360 
3372 
3389 
3404 
3425 
3448 
3465 
3483 
3494 
3504 
3507 
3509 
3506 
3495 
3481 
3466 
3452 
3432 
3412 
3394 
3378 
3376 
3368 
3365 
3371 
3365 
3381 
3391 
3411 
3430 
3447 
3466 
3478 
3497 
3492 
3500 
3499 
3492 
3486 
3470 
3461 
3443 
3431 
3410 
3391 
3387 
3378 
3373 
3370 
3374 
3382 
3399 
3411 
3424 
3440 
3455 
3463 
3472 
3483 
3492 
3491 
3489 
3480 
3470 
3461 
3443 
3431 
3419 
3405 
3395 
3384 
3385 
3385 
3384 
3390 
3387 
3403 
3415 
3431 
3438 
3452 
3462 
3470 
3477 
3480 
3479 
3477 
3466 
3460 
3449 
3441 
3434 
3421 
3410 
3402 
3397 
3388 
3395 
3394 
3397 
3402 
3407 
3420 
3430 
3440 
3451 
3456 
3463 
3470 
3473 
3470 
3466 
3463 
3451 
3443 
3435 
3423 
3417 
3405 
3405 
3400 
3397 
3400 
3405 
3406 
3411 
3417 
3427 
3435 
3443 
3449 
3459 
3459 
3463 
3464 
3461 
3460 
3451 
3443 
3440 
3431 
3426 
3415 
3414 
3408 
3410 
3406 
3408 
3407 
3412 
3420 
3419 
3429 
3438 
3441 
3446 
3450 
3457 
3456 
3459 
3456 
3453 
3451 
3443 
3439 
3432 
3425 
3424 
3414 
3411 
3410 
3413 
3410 
3410 
3415 
3422 
3423 
3434 
3439 
3443 
3441 
3451 
3448 
3453 
3454 
3451 
3447 
3442 
3439 
3434 
3429 
3424 
3417 
3420 
3410 
3417 
3418 
3416 
3422 
3420 
3425 
3430 
3437 
3438 
3437 
3442 
3442 
3445 
3446 
3447 
3446 
3441 
3442 
3435 
3435 
3434 
3427 
3425 
3421 
3421 
3421 
3419 
3416 
3419 
3426 
3426 
3428 
3435 
3436 
3438 
3439 
3437 
3442 
3444 
3442 
3440 
3440 
3436 
3434 
3434 
3429 
3426 
3420 
3421 
3421 
3421 
3426 
3423 
3426 
3434 
3433 
3422 
3437 
3439 
3433 
3437 
3434 
3438 
3442 
3440 
3442 
3435 
3435 
3431 
3431 
3434 
3426 
3424 
3424 
3429 
3440 
3425 
3427 
3424 
3429 
3430 
3419 
3438 
3433 
3431 
3436 
3436 
3434 
3437 
3438 
3436 
3439 
3434 
3434 
3434 
3428 
3430 
3423 
3424 
3422 
3421 
3426 
3423 
3427 
3424 
3435 
3430 
3436 
3434 
3432 
3436 
3432 
3433 
3438 
3437 
3434 
3434 
3432 
3432 
3431 
3430 
3429 
3433 
3428 
3432 
3432 
3433 
3430 
3427 
3428 
3430 
3428 
3432 
3426 
3428 
3426 
3428 
3434 
3436 
3434 
3430 
3436 
3432 
3435 
3438 
3436 
3432 
3430 
3432 
3427 
3429 
3427 
3424 
3429 
3426 
3432 
3426 
3431 
3430 
3429 
3429 
3430 
3431 
3434 
3431 
3434 
3431 
3431 
3434 
3433 
3431 
3428 
3433 
3429 
3429 
3432 
3429 
3428 
3428 
3429 
3430 
3431 
3424 
3429 
3431 
3426 
3429 
3426 
3428 
3437 
3430 
3433 
3434 
3437 
3434 
3431 
3435 
3431 
3427 
3430 
3431 
3428 
3424 
3426 
3422 
3425 
3430 
3421 
3427 
3422 
3428 
3424 
3429 
3430 
3428 
3434 
3430 
3431 
3434 
3431 
3434 
3430 
3429 
3432 
3429 
3428 
3426 
3427 
3425 
3428 
3427 
3433 
3440 
3428 
3430 
3427 
3429 
3430 
3431 
3427 
3428 
3433 
3429 
3433 
3434 
3429 
3435 
3430 
3431 
3430 
3429 
3428 
3426 
3427 
3426 
3428 
3430 
3414 
3430 
3426 
3431 
3430 
3428 
3430 
3426 
3434 
3432 
3431 
3438 
3435 
3431 
3431 
3430 
3430 
3429 
3426 
3422 
3426 
3426 
3423 
3426 
3424 
3428 
3426 
3429 
3430 
3429 
3430 
3430 
3432 
3431 
3440 
3431 
3434 
3430 
3426 
3432 
3427 
3429 
3430 
3428 
3426 
3426 
3428 
3422 
3425 
3426 
3425 
3427 
3426 
3428 
3426 
3428 
3426 
3428 
3429 
3432 
3431 
3434 
3431 
3432 
3430 
3435 
3426 
3431 
3427 
3418 
3425 
3426 
3423 
3422 
3422 
3420 
3414 
3423 
3416 
3430 
3427 
3426 
3434 
3430 
3432 
3438 
3423 
3436 
3431 
3431 
3430 
3429 
3430 
3428 
3426 
3422 
3426 
3426 
3423 
3427 
3426 
3422 
3426 
3427 
3430 
3431 
3423 
3428 
3429 
3430 
3429 
3430 
3430 
3431 
3430 
3430 
3430 
3431 
3430 
3428 
3427 
3426 
3429 
3426 
3422 
3424 
3427 
3422 
3426 
3426 
3431 
3430 
3432 
3430 
3433 
3438 
3431 
3432 
3428 
3431 
3426 
3430 
3427 
3423 
3426 
3422 
3423 
3426 
3424 
3428 
3423 
3427 
3434 
3425 
3432 
3430 
3434 
3434 
3431 
3430 
3430 
3431 
3428 
3430 
3427 
3429 
3430 
3428 
3426 
3422 
3428 
3424 
3423 
3426 
3424 
3426 
3426 
3428 
3435 
3423 
3434 
3430 
3431 
3434 
3431 
3430 
3430 
3432 
3430 
3431 
3430 
3430 
3427 
3424 
3424 
3422 
3423 
3426 
3425 
3425 
3426 
3432 
3432 
3431 
3432 
3426 
3434 
3430 
3436 
3434 
3429 
3422 
3424 
3426 
3424 
3425 
3424 
3420 
3424 
3422 
3426 
3430 
3428 
3427 
3424 
3428 
3427 
3431 
3434 
3431 
3434 
3422 
3430 
3430 
3431 
3432 
3423 
3427 
3426 
3423 
3426 
3432 
3428 
3423 
3425 
3426 
3425 
3426 
3423 
3426 
3426 
3429 
3430 
3430 
3431 
3428 
3438 
3422 
3430 
3434 
3431 
3430 
3424 
3421 
3424 
3426 
3424 
3422 
3426 
3422 
3423 
3423 
3425 
3426 
3426 
3428 
3430 
3431 
3434 
3430 
3434 
3424 
3438 
3430 
3428 
3430 
3424 
3430 
3422 
3423 
3426 
3423 
3424 
3414 
3426 
3424 
3427 
3426 
3427 
3430 
3426 
3426 
3427 
3428 
3434 
3428 
3430 
3430 
3436 
3424 
3426 
3424 
3424 
3431 
3426 
3423 
3426 
3422 
3424 
3423 
3423 
3430 
3427 
3428 
3430 
3430 
3430 
3431 
3432 
3429 
3434 
3430 
3431 
3435 
3421 
3428 
3425 
3425 
3427 
3415 
3424 
3422 
3422 
3422 
3426 
3426 
3428 
3430 
3427 
3430 
3432 
3431 
3438 
3431 
3430 
3430 
3430 
3430 
3431 
3427 
3423 
3430 
3418 
3428 
3422 
3422 
3426 
3424 
3427 
3426 
3429 
3430 
3430 
3431 
3426 
3431 
3431 
3431 
3434 
3428 
3432 
3427 
3431 
3438 
3421 
3426 
3425 
3425 
3424 
3423 
3420 
3421 
3423 
3422 
3423 
3427 
3428 
3430 
3428 
3431 
3430 
3431 
3434 
3430 
3430 
3430 
3431 
3430 
3430 
3430 
3422 
3426 
3419 
3425 
3424 
3421 
3425 
3423 
3428 
3426 
3424 
3427 
3429 
3432 
3430 
3432 
3432 
3429 
3430 
3430 
3427 
3424 
3429 
3426 
3420 
3422 
3422 
3423 
3426 
3423 
3424 
3421 
3425 
3422 
3427 
3430 
3429 
3428 
3428 
3431 
3430 
3431 
3435 
3432 
3433 
3428 
3429 
3427 
3425 
3431 
3417 
3421 
3420 
3421 
3424 
3420 
3423 
3422 
3427 
3426 
3431 
3429 
3428 
3432 
3431 
3433 
3434 
3435 
3430 
3430 
3428 
3426 
3423 
3424 
3421 
3424 
3418 
3422 
3422 
3424 
3422 
3422 
3425 
3426 
3429 
3428 
3429 
3429 
3429 
3427 
3434 
3433 
3435 
3428 
3431 
3426 
3427 
3430 
3425 
3427 
3417 
3421 
3419 
3421 
3424 
3419 
3424 
3422 
3423 
3426 
3429 
3432 
3429 
3431 
3434 
3433 
3430 
3431 
3432 
3427 
3428 
3426 
3426 
3426 
3420 
3421 
3419 
3419 
3416 
3425 
3422 
3422 
3428 
3426 
3431 
3432 
3431 
3431 
3430 
3433 
3432 
3429 
3432 
3427 
3427 
3428 
3428 
3426 
3421 
3423 
3419 
3423 
3422 
3423 
3423 
3424 
3424 
3423 
3427 
3432 
3431 
3429 
3430 
3433 
3430 
3431 
3434 
3431 
3433 
3428 
3428 
3426 
3425 
3426 
3422 
3421 
3420 
3423 
3422 
3423 
3422 
3425 
3428 
3426 
3431 
3429 
3429 
3433 
3432 
3433 
3432 
3431 
3426 
3428 
3429 
3426 
3423 
3424 
3421 
3424 
3422 
3421 
3422 
3421 
3426 
3425 
3425 
3431 
3431 
3432 
3430 
3434 
3430 
3435 
3434 
3433 
3433 
3426 
3427 
3424 
3425 
3426 
3425 
3421 
3421 
3423 
3420 
3423 
3424 
3424 
3430 
3424 
3428 
3427 
3429 
3432 
3429 
3431 
3431 
3433 
3432 
3428 
3432 
3427 
3427 
3426 
3425 
3426 
3420 
3422 
3419 
3423 
3426 
3425 
3424 
3425 
3428 
3428 
3431 
3435 
3425 
3431 
3428 
3429 
3428 
3423 
3429 
3424 
3424 
3426 
3425 
3426 
3421 
3421 
3419 
3423 
3424 
3423 
3425 
3424 
3428 
3427 
3429 
3434 
3431 
3426 
3420 
3431 
3427 
3429 
3427 
3425 
3428 
3424 
3425 
3422 
3420 
3423 
3418 
3413 
3420 
3421 
3424 
3423 
3428 
3425 
3431 
3430 
3431 
3433 
3428 
3429 
3432 
3429 
3432 
3427 
3425 
3421 
3425 
3422 
3421 
3419 
3418 
3421 
3422 
3423 
3426 
3428 
3429 
3425 
3427 
3428 
3431 
3432 
3430 
3431 
3429 
3429 
3430 
3428 
3427 
3420 
3426 
3422 
3421 
3426 
3423 
3422 
3420 
3429 
3424 
3423 
3425 
3425 
3428 
3430 
3429 
3430 
3429 
3434 
3429 
3429 
3428 
3429 
3430 
3423 
3424 
3419 
3423 
3416 
3421 
3421 
3418 
3425 
3425 
3425 
3427 
3441 
3427 
3428 
3429 
3428 
3431 
3434 
3432 
3433 
3430 
3429 
3426 
3425 
3418 
3421 
3417 
3422 
3420 
3422 
3420 
3421 
3420 
3423 
3424 
3425 
3432 
3413 
3429 
3427 
3429 
3430 
3431 
3432 
3428 
3431 
3428 
3429 
3425 
3421 
3429 
3418 
3420 
3419 
3421 
3421 
3421 
3421 
3424 
3425 
3426 
3423 
3425 
3427 
3431 
3430 
3431 
3433 
3428 
3432 
3427 
3429 
3432 
3425 
3424 
3420 
3425 
3417 
3421 
3419 
3419 
3424 
3422 
3423 
3427 
3425 
3432 
3427 
3429 
3430 
3433 
3432 
3429 
3429 
3425 
3429 
3428 
3429 
3428 
3422 
3424 
3417 
3425 
3424 
3421 
3422 
3420 
3423 
3424 
3423 
3425 
3425 
3429 
3426 
3429 
3430 
3429 
3433 
3429 
3429 
3428 
3429 
3426 
3423 
3425 
3424 
3423 
3422 
3423 
3419 
3416 
3421 
3419 
3421 
3427 
3428 
3428 
3428 
3429 
3428 
3431 
3432 
3429 
3431 
3428 
3429 
3427 
3428 
3425 
3421 
3424 
3420 
3421 
3422 
3420 
3421 
3421 
3425 
3424 
3425 
3429 
3424 
3437 
3429 
3431 
3432 
3437 
3429 
3428 
3429 
3426 
3428 
3426 
3424 
3427 
3424 
3421 
3422 
3425 
3420 
3419 
3421 
3424 
3425 
3426 
3427 
3427 
3428 
3429 
3431 
3429 
3431 
3428 
3429 
3427 
3427 
3430 
3425 
3424 
3422 
3417 
3420 
3420 
3425 
3417 
3421 
3419 
3423 
3424 
3425 
3429 
3427 
3427 
3429 
3429 
3428 
3429 
3429 
3424 
3429 
3426 
3423 
3429 
3418 
3425 
3424 
3421 
3424 
3425 
3420 
3421 
3421 
3424 
3425 
3427 
3427 
3429 
3426 
3429 
3427 
3428 
3429 
3425 
3425 
3426 
3428 
3426 
3423 
3425 
3423 
3425 
3422 
3423 
3425 
3421 
3425 
3423 
3425 
3430 
3423 
3427 
3428 
3429 
3427 
3429 
3427 
3427 
3430 
3422 
3428 
3424 
3421 
3424 
3419 
3417 
3422 
3421 
3424 
3422 
3424 
3424 
3428 
3426 
3428 
3429 
3424 
3428 
3425 
3429 
3428 
3421 
3427 
3424 
3421 
3424 
3428 
3424 
3417 
3422 
3416 
3417 
3423 
3421 
3432 
3422 
3426 
3426 
3428 
3426 
3425 
3427 
3426 
3429 
3428 
3428 
3429 
3424 
3425 
3424 
3423 
3426 
3429 
3424 
3423 
3423 
3424 
3429 
3424 
3421 
3428 
3421 
3423 
3426 
3428 
3429 
3425 
3427 
3428 
3429 
3428 
3426 
3425 
3425 
3425 
3426 
3421 
3426 
3422 
3425 
3423 
3425 
3427 
3425 
3424 
3428 
3425 
3425 
3429 
3427 
3420 
3428 
3426 
3428 
3427 
3425 
3428 
3425 
3423 
3424 
3425 
3424 
3422 
3425 
3423 
3427 
3426 
3433 
3427 
3421 
3429 
3423 
3425 
3430 
3426 
3427 
3424 
3428 
3424 
3423 
3426 
3425 
3427 
3424 
3423 
3423 
3421 
3426 
3427 
3424 
3425 
3425 
3426 
3428 
3425 
3424 
3421 
3426 
3425 
3430 
3422 
3429 
3425 
3425 
3427 
3425 
3422 
3420 
3421 
3420 
3421 
3419 
3421 
3423 
3422 
3425 
3424 
3424 
3430 
3429 
3425 
3426 
3421 
3426 
3423 
3424 
3423 
3427 
3426 
3425 
3427 
3422 
3425 
3423 
3425 
3426 
3423 
3422 
3422 
3428 
3424 
3423 
3426 
3420 
3429 
3426 
3423 
3427 
3421 
3426 
3422 
3423 
3424 
3425 
3424 
3422 
3423 
3421 
3423 
3422 
3422 
3421 
3422 
3423 
3419 
3425 
3430 
3427 
3426 
3420 
3428 
3430 
3423 
3426 
3417 
3424 
3418 
3421 
3419 
3420 
3424 
3418 
3419 
3422 
3423 
3424 
3422 
3425 
3425 

