3413 
3415 
3417 
3418 
3416 
3420 
3415 
3419 
3418 
3417 
3417 
3413 
3417 
3416 
3413 
3416 
3415 
3416 
3415 
3416 
3414 
3415 
3411 
3409 
3414 
3414 
3413 
3411 
3409 
3412 
3411 
3412 
3412 
3391 
3406 
3413 
3412 
3412 
3415 
3412 
3412 
3415 
3406 
3412 
3411 
3409 
3406 
3408 
3408 
3407 
3403 
3403 
3405 
3407 
3405 
3409 
3406 
3409 
3410 
3409 
3411 
3408 
3409 
3410 
3413 
3408 
3409 
3408 
3408 
3408 
3407 
3412 
3415 
3408 
3405 
3403 
3401 
3406 
3399 
3403 
3406 
3407 
3407 
3409 
3408 
3409 
3410 
3403 
3408 
3410 
3408 
3412 
3410 
3409 
3410 
3409 
3408 
3405 
3407 
3408 
3409 
3406 
3404 
3404 
3404 
3409 
3403 
3409 
3414 
3408 
3406 
3408 
3408 
3414 
3409 
3410 
3407 
3410 
3406 
3408 
3407 
3409 
3406 
3411 
3409 
3406 
3409 
3406 
3403 
3406 
3403 
3411 
3406 
3421 
3410 
3406 
3409 
3407 
3409 
3410 
3412 
3410 
3407 
3412 
3404 
3407 
3408 
3405 
3410 
3408 
3409 
3410 
3409 
3410 
3403 
3405 
3407 
3409 
3410 
3407 
3409 
3406 
3411 
3402 
3413 
3411 
3406 
3409 
3410 
3409 
3411 
3411 
3408 
3401 
3409 
3403 
3409 
3411 
3405 
3411 
3406 
3409 
3410 
3417 
3412 
3408 
3411 
3407 
3413 
3410 
3410 
3411 
3409 
3414 
3410 
3413 
3410 
3408 
3409 
3408 
3407 
3410 
3409 
3414 
3408 
3409 
3407 
3407 
3410 
3409 
3414 
3410 
3412 
3414 
3412 
3412 
3411 
3411 
3410 
3413 
3410 
3409 
3411 
3411 
3413 
3414 
3413 
3411 
3408 
3417 
3411 
3411 
3407 
3409 
3411 
3411 
3413 
3414 
3413 
3411 
3416 
3417 
3410 
3417 
3411 
3413 
3412 
3411 
3411 
3414 
3413 
3414 
3422 
3406 
3424 
3419 
3411 
3413 
3414 
3411 
3413 
3416 
3409 
3418 
3415 
3414 
3414 
3413 
3411 
3409 
3416 
3411 
3417 
3410 
3413 
3411 
3413 
3416 
3414 
3402 
3411 
3431 
3418 
3411 
3414 
3411 
3413 
3411 
3413 
3418 
3411 
3416 
3411 
3413 
3418 
3408 
3416 
3411 
3417 
3414 
3413 
3419 
3416 
3419 
3418 
3414 
3418 
3421 
3423 
3411 
3407 
3411 
3411 
3410 
3410 
3413 
3411 
3415 
3419 
3419 
3417 
3420 
3423 
3422 
3425 
3426 
3421 
3420 
3416 
3421 
3404 
3403 
3411 
3407 
3403 
3400 
3404 
3400 
3409 
3419 
3416 
3423 
3430 
3433 
3434 
3437 
3441 
3435 
3431 
3427 
3423 
3416 
3404 
3401 
3394 
3389 
3382 
3379 
3390 
3390 
3396 
3402 
3413 
3424 
3429 
3446 
3448 
3450 
3464 
3457 
3461 
3453 
3447 
3435 
3423 
3410 
3392 
3378 
3368 
3361 
3355 
3347 
3355 
3366 
3376 
3387 
3405 
3427 
3450 
3465 
3478 
3492 
3499 
3501 
3496 
3483 
3475 
3446 
3423 
3400 
3373 
3353 
3330 
3315 
3310 
3309 
3310 
3323 
3350 
3376 
3408 
3439 
3475 
3503 
3527 
3551 
3555 
3553 
3544 
3521 
3496 
3460 
3421 
3381 
3345 
3306 
3275 
3261 
3246 
3252 
3263 
3289 
3318 
3359 
3415 
3466 
3505 
3538 
3578 
3603 
3610 
3611 
3591 
3569 
3528 
3476 
3427 
3370 
3317 
3270 
3231 
3200 
3186 
3196 
3204 
3237 
3282 
3333 
3395 
3458 
3536 
3586 
3629 
3664 
3675 
3679 
3659 
3625 
3576 
3511 
3443 
3363 
3303 
3234 
3180 
3142 
3113 
3117 
3131 
3177 
3235 
3301 
3379 
3459 
3545 
3629 
3687 
3727 
3747 
3755 
3727 
3679 
3627 
3539 
3462 
3369 
3281 
3203 
3141 
3088 
3058 
3054 
3073 
3117 
3182 
3264 
3359 
3453 
3561 
3647 
3707 
3779 
3803 
3808 
3788 
3741 
3678 
3593 
3496 
3389 
3291 
3192 
3111 
3050 
3009 
2999 
3009 
3051 
3119 
3203 
3312 
3423 
3539 
3640 
3741 
3818 
3868 
3874 
3851 
3808 
3739 
3649 
3544 
3427 
3310 
3198 
3101 
3024 
2981 
2947 
2952 
2993 
3058 
3149 
3259 
3381 
3512 
3627 
3731 
3810 
3887 
3912 
3901 
3864 
3795 
3707 
3598 
3472 
3353 
3223 
3117 
3025 
2959 
2923 
2917 
2944 
3003 
3116 
3202 
3329 
3464 
3591 
3717 
3816 
3890 
3930 
3941 
3922 
3853 
3767 
3662 
3533 
3400 
3267 
3144 
3035 
2960 
2906 
2887 
2902 
2943 
3029 
3138 
3261 
3406 
3547 
3680 
3794 
3885 
3944 
3959 
3947 
3909 
3827 
3714 
3592 
3458 
3317 
3190 
3071 
2975 
2908 
2877 
2876 
2907 
2980 
3078 
3203 
3339 
3485 
3627 
3751 
3856 
3923 
3967 
3976 
3935 
3867 
3780 
3657 
3518 
3383 
3251 
3121 
3017 
2930 
2881 
2867 
2884 
2936 
3019 
3133 
3262 
3413 
3556 
3691 
3807 
3896 
3959 
3971 
3964 
3919 
3821 
3725 
3595 
3453 
3314 
3181 
3064 
2967 
2903 
2869 
2871 
2909 
2976 
3082 
3202 
3344 
3487 
3628 
3761 
3856 
3925 
3966 
3967 
3930 
3863 
3763 
3648 
3511 
3382 
3251 
3123 
3017 
2943 
2891 
2879 
2899 
2951 
3030 
3142 
3273 
3410 
3549 
3681 
3791 
3885 
3934 
3950 
3939 
3889 
3808 
3705 
3585 
3452 
3317 
3200 
3086 
2993 
2926 
2896 
2895 
2932 
3001 
3088 
3209 
3336 
3463 
3610 
3728 
3822 
3891 
3929 
3928 
3905 
3843 
3753 
3646 
3518 
3389 
3259 
3144 
3055 
2971 
2927 
2912 
2924 
2982 
3052 
3157 
3275 
3405 
3531 
3655 
3755 
3840 
3892 
3907 
3899 
3854 
3783 
3688 
3574 
3456 
3344 
3221 
3118 
3030 
2982 
2946 
2941 
2971 
3028 
3114 
3216 
3331 
3456 
3573 
3682 
3773 
3837 
3873 
3883 
3862 
3805 
3725 
3629 
3521 
3403 
3291 
3190 
3095 
3022 
2978 
2967 
2970 
3015 
3083 
3171 
3280 
3390 
3508 
3614 
3709 
3785 
3831 
3852 
3846 
3805 
3746 
3664 
3569 
3459 
3355 
3250 
3161 
3087 
3028 
2999 
2995 
3029 
3066 
3143 
3228 
3330 
3439 
3542 
3639 
3720 
3771 
3813 
3818 
3798 
3759 
3692 
3612 
3514 
3415 
3318 
3225 
3146 
3083 
3042 
3024 
3035 
3062 
3124 
3195 
3284 
3381 
3475 
3579 
3658 
3724 
3769 
3791 
3785 
3764 
3705 
3640 
3556 
3466 
3370 
3285 
3202 
3136 
3090 
3063 
3057 
3076 
3117 
3176 
3249 
3339 
3424 
3517 
3598 
3665 
3717 
3746 
3757 
3738 
3707 
3660 
3583 
3511 
3420 
3335 
3258 
3191 
3142 
3101 
3088 
3090 
3119 
3163 
3221 
3298 
3373 
3457 
3538 
3607 
3666 
3702 
3726 
3722 
3707 
3662 
3612 
3540 
3466 
3388 
3307 
3239 
3186 
3141 
3116 
3112 
3124 
3158 
3207 
3274 
3345 
3423 
3494 
3563 
3622 
3668 
3694 
3697 
3685 
3654 
3607 
3554 
3486 
3416 
3344 
3283 
3227 
3184 
3148 
3138 
3148 
3168 
3205 
3263 
3315 
3386 
3450 
3521 
3572 
3621 
3651 
3665 
3669 
3646 
3617 
3567 
3509 
3452 
3383 
3325 
3268 
3223 
3190 
3167 
3168 
3178 
3211 
3251 
3300 
3363 
3418 
3484 
3524 
3583 
3622 
3639 
3642 
3632 
3607 
3567 
3523 
3466 
3410 
3356 
3298 
3252 
3219 
3196 
3192 
3198 
3219 
3254 
3295 
3348 
3402 
3459 
3506 
3553 
3586 
3608 
3618 
3600 
3592 
3558 
3521 
3475 
3425 
3374 
3326 
3287 
3250 
3229 
3211 
3218 
3238 
3258 
3295 
3338 
3383 
3434 
3474 
3519 
3552 
3575 
3590 
3588 
3579 
3553 
3525 
3483 
3440 
3394 
3349 
3313 
3278 
3253 
3243 
3238 
3239 
3262 
3289 
3334 
3382 
3416 
3461 
3503 
3518 
3542 
3563 
3568 
3562 
3541 
3516 
3484 
3447 
3406 
3367 
3334 
3304 
3282 
3270 
3264 
3271 
3282 
3308 
3336 
3372 
3402 
3445 
3478 
3506 
3525 
3534 
3548 
3539 
3525 
3511 
3480 
3450 
3418 
3381 
3354 
3323 
3305 
3292 
3285 
3290 
3295 
3314 
3336 
3365 
3398 
3433 
3461 
3485 
3505 
3519 
3519 
3530 
3518 
3500 
3476 
3452 
3422 
3391 
3368 
3339 
3322 
3302 
3300 
3298 
3304 
3324 
3350 
3367 
3398 
3425 
3454 
3471 
3494 
3504 
3511 
3518 
3504 
3491 
3466 
3446 
3416 
3397 
3374 
3350 
3335 
3320 
3316 
3314 
3319 
3336 
3350 
3374 
3394 
3416 
3446 
3460 
3476 
3486 
3491 
3494 
3489 
3482 
3458 
3448 
3422 
3399 
3382 
3364 
3349 
3332 
3332 
3328 
3339 
3342 
3356 
3373 
3390 
3412 
3432 
3452 
3466 
3472 
3486 
3486 
3480 
3471 
3458 
3444 
3419 
3399 
3382 
3367 
3352 
3340 
3337 
3332 
3340 
3346 
3364 
3378 
3391 
3413 
3428 
3445 
3455 
3472 
3476 
3474 
3469 
3458 
3451 
3442 
3417 
3406 
3382 
3372 
3360 
3349 
3354 
3344 
3347 
3356 
3367 
3378 
3394 
3408 
3424 
3448 
3450 
3460 
3467 
3462 
3465 
3456 
3455 
3438 
3424 
3402 
3388 
3380 
3362 
3355 
3350 
3344 
3351 
3350 
3367 
3378 
3401 
3410 
3425 
3437 
3454 
3457 
3474 
3466 
3462 
3454 
3446 
3434 
3420 
3402 
3386 
3376 
3362 
3359 
3354 
3351 
3354 
3362 
3372 
3380 
3389 
3408 
3422 
3438 
3446 
3452 
3458 
3460 
3460 
3448 
3437 
3430 
3417 
3404 
3388 
3380 
3366 
3362 
3354 
3357 
3360 
3360 
3367 
3379 
3395 
3410 
3422 
3422 
3440 
3449 
3454 
3455 
3456 
3447 
3440 
3430 
3416 
3407 
3392 
3384 
3370 
3363 
3358 
3357 
3360 
3367 
3368 
3379 
3394 
3406 
3420 
3432 
3442 
3447 
3458 
3455 
3458 
3453 
3442 
3430 
3420 
3408 
3396 
3376 
3372 
3367 
3362 
3359 
3362 
3365 
3378 
3383 
3397 
3402 
3417 
3430 
3438 
3447 
3451 
3454 
3458 
3454 
3446 
3430 
3422 
3408 
3397 
3390 
3376 
3366 
3362 
3362 
3362 
3367 
3371 
3380 
3395 
3402 
3414 
3423 
3434 
3446 
3448 
3451 
3454 
3452 
3442 
3436 
3422 
3412 
3403 
3390 
3380 
3374 
3362 
3360 
3358 
3360 
3370 
3378 
3382 
3398 
3413 
3420 
3429 
3442 
3443 
3452 
3450 
3452 
3442 
3440 
3430 
3414 
3405 
3390 
3383 
3374 
3366 
3362 
3360 
3365 
3370 
3378 
3387 
3392 
3402 
3416 
3431 
3438 
3447 
3446 
3450 
3457 
3446 
3441 
3432 
3421 
3414 
3398 
3388 
3382 
3376 
3368 
3362 
3365 
3366 
3372 
3378 
3388 
3398 
3410 
3418 
3434 
3444 
3443 
3446 
3448 
3443 
3441 
3434 
3427 
3415 
3400 
3394 
3384 
3377 
3371 
3368 
3363 
3366 
3372 
3379 
3386 
3398 
3404 
3415 
3426 
3431 
3442 
3447 
3448 
3442 
3443 
3430 
3428 
3418 
3406 
3398 
3386 
3380 
3374 
3370 
3366 
3364 
3372 
3374 
3383 
3391 
3400 
3418 
3422 
3430 
3438 
3444 
3444 
3443 
3437 
3436 
3429 
3422 
3410 
3402 
3389 
3385 
3378 
3372 
3368 
3364 
3370 
3371 
3379 
3390 
3396 
3406 
3414 
3424 
3432 
3437 
3442 
3448 
3450 
3435 
3431 
3426 
3415 
3408 
3394 
3389 
3382 
3377 
3374 
3370 
3370 
3371 
3378 
3383 
3394 
3402 
3408 
3420 
3427 
3429 
3439 
3437 
3444 
3432 
3437 
3432 
3420 
3410 
3398 
3395 
3386 
3359 
3371 
3371 
3368 
3373 
3375 
3382 
3391 
3400 
3404 
3412 
3419 
3431 
3434 
3438 
3439 
3434 
3432 
3424 
3425 
3422 
3411 
3397 
3392 
3384 
3377 
3376 
3371 
3373 
3378 
3382 
3388 
3394 
3400 
3410 
3414 
3417 
3430 
3433 
3434 
3434 
3434 
3426 
3423 
3418 
3420 
3407 
3392 
3390 
3386 
3381 
3382 
3377 
3378 
3382 
3387 
3391 
3397 
3407 
3409 
3418 
3418 
3427 
3430 
3429 
3434 
3431 
3425 
3418 
3420 
3416 
3402 
3396 
3387 
3383 
3379 
3383 
3387 
3378 
3381 
3385 
3393 
3400 
3407 
3411 
3418 
3421 
3432 
3431 
3430 
3430 
3431 
3422 
3417 
3418 
3412 
3404 
3392 
3389 
3386 
3383 
3382 
3379 
3387 
3384 
3393 
3394 
3404 
3407 
3408 
3418 
3426 
3427 
3434 
3429 
3427 
3422 
3420 
3408 
3413 
3410 
3402 
3396 
3394 
3388 
3386 
3383 
3384 
3385 
3389 
3392 
3399 
3402 
3407 
3411 
3415 
3421 
3424 
3423 
3426 
3424 
3423 
3416 
3409 
3414 
3409 
3398 
3392 
3388 
3384 
3383 
3384 
3385 
3383 
3390 
3394 
3402 
3401 
3410 
3410 
3417 
3422 
3421 
3422 
3423 
3424 
3418 
3417 
3414 
3405 
3404 
3397 
3396 
3386 
3387 
3390 
3389 
3385 
3385 
3393 
3392 
3401 
3400 
3405 
3415 
3414 
3417 
3421 
3416 
3420 
3417 
3413 
3411 
3411 
3404 
3401 
3393 
3389 
3388 
3386 
3388 
3381 
3376 
3392 
3390 
3397 
3406 
3405 
3408 
3415 
3415 
3424 
3420 
3419 
3416 
3420 
3410 
3411 
3403 
3401 
3398 
3398 
3391 
3386 
3383 
3386 
3384 
3390 
3391 
3397 
3398 
3408 
3414 
3408 
3413 
3414 
3417 
3419 
3427 
3416 
3412 
3412 
3408 
3405 
3400 
3397 
3395 
3392 
3393 
3359 
3385 
3392 
3391 
3393 
3396 
3405 
3407 
3407 
3413 
3405 
3417 
3418 
3421 
3422 
3412 
3413 
3408 
3405 
3407 
3405 
3395 
3394 
3389 
3389 
3396 
3391 
3389 
3398 
3396 
3404 
3402 
3408 
3408 
3413 
3413 
3418 
3417 
3418 
3413 
3411 
3407 
3408 
3406 
3404 
3400 
3393 
3396 
3393 
3393 
3399 
3399 
3392 
3396 
3401 
3402 
3407 
3408 
3413 
3414 
3411 
3413 
3414 
3413 
3412 
3407 
3409 
3407 
3412 
3402 
3399 
3400 
3394 
3397 
3398 
3397 
3403 
3399 
3403 
3398 
3401 
3406 
3409 
3410 
3412 
3412 
3409 
3408 
3406 
3406 
3408 
3402 
3404 
3401 
3397 
3400 
3397 
3396 
3394 
3397 
3400 
3396 
3403 
3405 
3405 
3406 
3412 
3411 
3407 
3412 
3410 
3411 
3411 
3409 
3405 
3404 
3407 
3400 
3399 
3402 
3397 
3401 
3398 
3401 
3402 
3401 
3407 
3401 
3405 
3407 
3407 
3406 
3406 
3405 
3407 
3407 
3407 
3408 
3407 
3401 
3405 
3402 
3401 
3402 
3402 
3392 
3396 
3397 
3391 
3399 
3400 
3398 
3408 
3398 
3404 
3400 
3404 
3405 
3405 
3405 
3406 
3407 
3410 
3401 
3402 
3400 
3399 
3398 
3399 
3399 
3394 
3399 
3400 
3401 
3404 
3424 
3405 
3404 
3405 
3408 
3405 
3404 
3405 
3404 
3407 
3405 
3400 
3401 
3404 
3398 
3401 
3402 
3401 
3402 
3399 
3412 
3401 
3405 
3406 
3405 
3407 
3405 
3409 
3403 
3405 
3411 
3409 
3408 
3404 
3405 
3403 
3405 
3403 
3397 
3405 
3400 
3401 
3400 
3400 
3401 
3400 
3399 
3401 
3405 
3404 
3403 
3407 
3405 
3409 
3410 
3409 
3407 
3405 
3404 
3403 
3401 
3404 
3403 
3400 
3397 
3397 
3397 
3397 
3395 
3393 
3402 
3402 
3407 
3403 
3397 
3404 
3407 
3401 
3400 
3405 
3404 
3401 
3401 
3401 
3405 
3404 
3405 
3403 
3393 
3401 
3400 
3401 
3402 
3404 
3400 
3402 
3405 
3402 
3405 
3406 
3413 
3409 
3407 
3405 
3407 
3401 
3404 
3405 
3399 
3402 
3399 
3402 
3399 
3401 
3399 
3405 
3402 
3404 
3407 
3401 
3401 
3407 
3409 
3407 
3405 
3406 
3406 
3412 
3406 
3405 
3405 
3401 
3409 
3400 
3404 
3402 
3400 
3404 
3399 
3399 
3400 
3405 
3402 
3406 
3405 
3404 
3409 
3406 
3409 
3411 
3407 
3409 
3407 
3403 
3406 
3405 
3404 
3401 
3401 
3401 
3397 
3402 
3393 
3401 
3398 
3404 
3402 
3401 
3402 
3401 
3401 
3406 
3405 
3406 
3409 
3407 
3405 
3410 
3406 
3405 
3407 
3400 
3404 
3400 
3401 
3404 
3403 
3405 
3396 
3401 
3395 
3401 
3402 
3401 
3407 
3407 
3409 
3410 
3409 
3413 
3409 
3409 
3412 
3407 
3402 
3405 
3401 
3390 
3398 
3400 
3399 
3403 
3396 
3400 
3400 
3401 
3407 
3403 
3406 
3406 
3407 
3406 
3407 
3407 
3404 
3411 
3406 
3413 
3406 
3399 
3404 
3398 
3399 
3398 
3397 
3396 
3396 
3400 
3397 
3403 
3403 
3404 
3405 
3402 
3405 
3405 
3405 
3407 
3401 
3404 
3404 
3404 
3402 
3404 
3402 
3393 
3404 
3396 
3397 
3397 
3396 
3397 
3397 
3397 
3398 
3404 
3402 
3402 
3404 
3404 
3409 
3403 
3412 
3403 
3396 
3404 
3402 
3403 
3406 
3399 
3392 
3398 
3393 
3395 
3395 
3397 
3393 
3400 
3400 
3401 
3401 
3401 
3405 
3405 
3403 
3407 
3413 
3408 
3407 
3405 
3405 
3409 
3406 
3405 
3403 
3397 
3397 
3395 
3401 
3398 
3395 
3392 
3394 
3397 
3397 
3401 
3403 
3401 
3409 
3402 
3405 
3407 
3408 
3402 
3403 
3405 
3402 
3404 
3406 
3399 
3396 
3393 
3393 
3394 
3396 
3397 
3396 
3404 
3400 
3401 
3405 
3405 
3405 
3404 
3405 
3405 
3399 
3403 
3401 
3406 
3402 
3406 
3402 
3397 
3402 
3401 
3397 
3395 
3396 
3394 
3393 
3397 
3397 
3401 
3402 
3405 
3406 
3404 
3407 
3405 
3405 
3407 
3408 
3405 
3404 
3405 
3402 
3399 
3398 
3396 
3401 
3400 
3393 
3391 
3392 
3396 
3394 
3397 
3398 
3399 
3402 
3403 
3400 
3403 
3405 
3403 
3405 
3406 
3404 
3404 
3400 
3399 
3402 
3399 
3400 
3397 
3397 
3397 
3399 
3397 
3393 
3399 
3398 
3399 
3402 
3401 
3406 
3403 
3405 
3402 
3407 
3406 
3404 
3405 
3402 
3405 
3402 
3404 
3401 
3393 
3401 
3397 
3397 
3400 
3397 
3395 
3392 
3396 
3403 
3399 
3403 
3401 
3405 
3406 
3405 
3406 
3401 
3400 
3402 
3401 
3402 
3399 
3400 
3396 
3397 
3394 
3394 
3398 
3398 
3400 
3397 
3400 
3395 
3397 
3400 
3403 
3402 
3402 
3397 
3402 
3405 
3403 
3400 
3405 
3406 
3401 
3402 
3397 
3398 
3395 
3395 
3394 
3397 
3394 
3398 
3398 
3398 
3399 
3396 
3401 
3403 
3399 
3404 
3402 
3405 
3406 
3403 
3402 
3400 
3401 
3398 
3399 
3400 
3395 
3406 
3394 
3400 
3398 
3396 
3400 
3397 
3401 
3402 
3399 
3400 
3398 
3403 
3403 
3405 
3402 
3405 
3403 
3397 
3401 
3401 
3399 
3400 
3397 
3395 
3396 
3397 
3396 
3397 
3400 
3398 
3402 
3398 
3401 
3406 
3397 
3400 
3397 
3399 
3402 
3401 
3400 
3401 
3402 
3397 
3399 
3398 
3400 
3397 
3392 
3395 
3393 
3399 
3410 
3401 
3400 
3400 
3404 
3398 
3399 
3410 
3400 
3401 
3398 
3401 
3401 
3400 
3400 
3395 
3394 
3398 
3397 
3398 
3396 
3397 
3394 
3401 
3400 
3401 
3403 
3397 
3400 
3400 
3399 
3402 
3399 
3402 
3394 
3397 
3397 
3399 
3400 
3395 
3403 
3398 
3401 
3407 
3397 
3400 
3397 
3397 
3398 
3399 
3402 
3395 
3396 
3400 
3401 
3402 
3401 
3399 
3398 
3409 
3395 
3393 
3400 
3399 
3397 
3399 
3399 
3396 
3395 
3395 
3391 
3399 
3398 
3398 
3400 
3397 
3403 
3397 
3397 
3398 
3401 
3402 
3401 
3400 
3400 
3405 
3395 
3396 
3398 
3396 
3401 
3401 
3405 
3406 
3403 
3400 
3396 
3397 
3400 
3399 
3400 
3397 
3403 
3400 
3401 
3400 
3401 
3404 
3400 
3399 
3402 
3405 
3398 
3393 
3395 
3395 
3399 
3398 
3399 
3400 
3396 
3398 
3400 
3397 
3402 
3399 
3401 
3400 
3399 
3400 
3403 
3401 
3400 
3403 
3400 
3403 
3395 
3400 
3403 
3393 
3395 
3394 
3397 
3394 
3398 
3397 
3398 
3401 
3402 
3403 
3402 
3399 
3401 
3403 
3403 
3403 
3408 
3405 
3402 
3401 
3398 
3403 
3394 
3399 
3403 
3390 
3393 
3394 
3396 
3400 
3401 
3397 
3398 
3399 
3400 
3399 
3401 
3402 
3405 
3411 
3407 
3407 
3400 
3405 
3403 
3405 
3406 
3401 
3400 
3399 
3404 
3391 
3395 
3400 
3401 
3395 
3394 
3403 
3400 
3400 
3403 
3399 
3395 
3402 
3401 
3402 
3398 
3400 
3398 
3400 
3402 
3399 
3399 
3389 
3400 
3402 
3393 
3395 
3399 
3400 
3401 
3401 
3398 
3401 
3403 
3401 
3404 
3400 
3403 
3400 
3399 
3400 
3403 
3397 
3398 
3397 
3396 
3399 
3393 
3403 
3403 
3390 
3397 
3406 
3398 
3400 
3400 
3403 
3407 
3409 
3403 
3406 
3407 
3404 
3405 
3407 
3403 
3407 
3402 
3401 
3402 
3401 
3401 
3398 
3393 
3402 
3405 
3396 
3395 
3400 
3397 
3399 
3398 
3401 
3403 
3397 
3400 
3402 
3403 
3406 
3403 
3400 
3400 
3404 
3400 
3399 
3400 
3395 
3399 
3398 
3393 
3403 
3408 
3397 
3387 
3397 
3402 
3405 
3402 
3399 
3401 
3401 
3399 
3402 
3399 
3405 
3400 
3401 
3395 
3401 
3403 
3405 
3403 
3402 
3404 
3401 
3397 
3400 
3403 
3399 
3394 
3400 
3403 
3399 
3402 
3397 
3397 
3402 
3401 
3402 
3401 
3403 
3402 
3405 
3406 
3405 
3403 
3400 
3406 
3403 
3403 
3406 
3409 
3405 
3400 
3401 
3398 
3399 
3401 
3400 
3402 
3398 
3402 
3400 
3400 
3402 
3399 
3397 
3394 
3401 
3400 
3403 
3400 
3398 
3399 
3398 
3403 
3407 
3397 
3403 
3409 
3405 
3407 
3403 
3403 
3402 
3404 
3406 
3403 
3402 
3400 
3403 
3400 
3401 
3402 
3401 
3404 
3401 
3401 
3403 
3404 
3414 
3403 
3405 
3398 
3403 
3411 
3408 
3407 
3400 
3405 
3401 
3401 
3403 
3401 
3401 
3398 
3397 
3398 
3397 
3400 
3395 
3401 
3395 
3405 
3403 
3405 
3403 
3403 
3407 
3400 
3405 
3406 
3406 
3407 
3398 
3403 
3402 
3403 
3402 
3398 
3397 
3400 
3401 
3402 
3402 
3403 
3402 
3407 
3403 
3405 
3403 
3401 
3407 
3402 
3405 
3400 
3404 
3409 
3403 
3401 
3402 
3401 
3402 
3399 
3403 
3400 
3401 
3402 
3401 
3403 
3401 
3403 
3403 
3403 
3406 
3407 
3408 
3406 
3409 
3403 
3403 
3406 

