3597
3597
3600
3597
3609
3600
3601
3598
3601
3604
3601
3600
3599
3604
3601
3604
3603
3600
3602
3598
3601
3599
3600
3604
3598
3593
3596
3597
3594
3591
3593
3594
3591
3594
3596
3592
3596
3592
3592
3593
3592
3595
3592
3592
3593
3592
3591
3592
3588
3598
3588
3592
3594
3596
3593
3583
3585
3592
3589
3586
3588
3585
3586
3589
3590
3583
3587
3583
3587
3583
3585
3590
3589
3587
3586
3588
3582
3587
3594
3581
3589
3586
3580
3582
3581
3586
3583
3581
3583
3583
3586
3583
3588
3583
3585
3586
3583
3590
3583
3589
3579
3583
3587
3575
3585
3582
3581
3582
3589
3584
3581
3588
3582
3588
3583
3588
3588
3583
3585
3586
3589
3588
3583
3585
3581
3581
3587
3588
3587
3581
3592
3583
3581
3595
3589
3580
3585
3583
3583
3589
3586
3581
3589
3586
3588
3579
3583
3588
3581
3583
3586
3581
3586
3583
3585
3583
3591
3586
3581
3595
3586
3585
3583
3583
3590
3575
3586
3584
3588
3586
3589
3588
3581
3589
3586
3588
3587
3583
3590
3585
3585
3588
3596
3586
3581
3595
3587
3583
3586
3587
3590
3583
3587
3586
3587
3592
3583
3587
3588
3589
3585
3589
3589
3585
3586
3588
3591
3592
3597
3593
3583
3593
3594
3589
3588
3586
3592
3586
3587
3592
3591
3591
3588
3596
3587
3591
3594
3591
3587
3590
3591
3587
3588
3597
3589
3596
3586
3596
3592
3592
3597
3587
3587
3592
3589
3592
3591
3592
3587
3591
3598
3593
3591
3590
3593
3592
3589
3595
3593
3593
3590
3597
3592
3588
3600
3593
3591
3590
3593
3594
3592
3596
3583
3591
3590
3593
3594
3591
3594
3591
3591
3594
3597
3595
3588
3593
3593
3597
3594
3589
3600
3594
3593
3592
3591
3592
3589
3594
3592
3592
3592
3593
3592
3592
3593
3594
3596
3594
3593
3593
3590
3595
3594
3601
3595
3586
3603
3595
3591
3592
3591
3590
3592
3593
3592
3591
3593
3593
3595
3594
3596
3595
3597
3602
3595
3595
3598
3593
3598
3591
3589
3600
3601
3587
3588
3591
3590
3595
3594
3601
3602
3601
3603
3602
3604
3601
3601
3600
3593
3594
3586
3588
3586
3580
3596
3581
3577
3594
3597
3594
3598
3604
3603
3611
3616
3615
3618
3608
3611
3603
3597
3595
3583
3578
3570
3569
3560
3565
3567
3576
3575
3582
3601
3608
3612
3624
3623
3631
3635
3635
3627
3622
3615
3603
3595
3586
3571
3561
3550
3547
3539
3552
3551
3559
3574
3582
3597
3619
3633
3645
3656
3666
3666
3667
3659
3648
3634
3610
3587
3560
3545
3528
3511
3505
3498
3504
3514
3531
3555
3598
3613
3635
3659
3695
3707
3714
3716
3713
3694
3677
3643
3609
3578
3542
3509
3482
3464
3452
3447
3453
3475
3505
3538
3578
3624
3667
3703
3731
3767
3771
3766
3759
3731
3701
3663
3617
3568
3520
3476
3438
3415
3401
3393
3407
3434
3471
3515
3568
3622
3683
3735
3775
3801
3830
3827
3809
3782
3743
3691
3635
3571
3504
3451
3400
3363
3343
3339
3350
3376
3421
3480
3549
3625
3696
3763
3819
3859
3880
3888
3871
3835
3785
3724
3652
3570
3492
3421
3359
3313
3288
3281
3295
3326
3385
3449
3529
3620
3709
3779
3848
3901
3934
3941
3922
3883
3827
3758
3685
3587
3497
3420
3344
3287
3251
3237
3246
3276
3337
3401
3493
3586
3685
3781
3857
3929
3967
3985
3976
3943
3886
3810
3717
3619
3519
3424
3336
3270
3214
3196
3195
3224
3282
3355
3453
3556
3661
3768
3860
3931
3989
4019
4018
3988
3931
3850
3759
3650
3545
3443
3345
3264
3202
3169
3162
3185
3232
3307
3403
3506
3625
3739
3844
3935
3995
4031
4046
4021
3970
3890
3801
3699
3579
3474
3369
3279
3208
3165
3138
3153
3194
3257
3347
3453
3577
3693
3807
3912
3989
4043
4062
4056
4015
3948
3859
3755
3635
3518
3405
3302
3221
3165
3135
3136
3163
3221
3305
3404
3528
3642
3765
3878
3963
4031
4062
4068
4038
3985
3899
3800
3689
3570
3457
3347
3260
3186
3143
3128
3141
3185
3258
3351
3464
3582
3713
3826
3925
4003
4056
4073
4058
4017
3946
3847
3743
3626
3505
3400
3299
3217
3161
3134
3136
3167
3224
3312
3408
3529
3651
3771
3877
3963
4022
4049
4055
4035
3978
3893
3791
3674
3565
3449
3349
3266
3197
3155
3136
3156
3202
3271
3368
3472
3591
3708
3817
3914
3984
4031
4041
4029
3991
3925
3838
3734
3625
3511
3409
3318
3247
3191
3159
3163
3187
3241
3326
3415
3528
3640
3753
3851
3935
3993
4023
4026
3998
3947
3871
3773
3679
3565
3461
3370
3287
3227
3187
3180
3190
3227
3298
3379
3483
3583
3693
3791
3877
3946
3985
4000
3988
3953
3890
3813
3723
3624
3526
3426
3349
3279
3227
3210
3205
3231
3274
3351
3434
3521
3629
3722
3815
3887
3941
3971
3972
3956
3907
3845
3774
3675
3579
3484
3401
3324
3271
3235
3221
3235
3266
3325
3402
3484
3576
3665
3753
3834
3893
3930
3947
3940
3907
3853
3792
3713
3627
3535
3449
3378
3321
3279
3257
3262
3275
3317
3378
3447
3532
3615
3699
3774
3839
3887
3912
3919
3902
3863
3811
3749
3668
3588
3512
3435
3376
3326
3292
3279
3286
3313
3354
3417
3490
3565
3643
3718
3788
3830
3871
3891
3885
3866
3822
3769
3712
3632
3556
3480
3419
3368
3327
3306
3300
3318
3350
3399
3464
3532
3603
3672
3741
3793
3831
3864
3863
3848
3822
3781
3723
3664
3596
3528
3470
3414
3372
3347
3329
3340
3355
3391
3438
3497
3560
3621
3688
3739
3792
3818
3837
3838
3818
3790
3746
3695
3638
3575
3515
3456
3412
3375
3353
3350
3356
3385
3422
3471
3528
3588
3652
3699
3749
3786
3809
3816
3810
3792
3746
3709
3658
3607
3547
3488
3448
3409
3381
3372
3369
3386
3414
3457
3486
3557
3611
3661
3714
3750
3777
3795
3793
3782
3755
3719
3680
3633
3582
3531
3487
3443
3418
3400
3393
3399
3410
3443
3480
3525
3578
3623
3672
3712
3745
3766
3779
3772
3756
3735
3694
3658
3610
3564
3522
3479
3447
3420
3410
3400
3414
3436
3470
3504
3550
3593
3640
3675
3713
3739
3759
3766
3759
3738
3706
3677
3630
3591
3552
3509
3478
3450
3429
3423
3424
3438
3456
3487
3526
3565
3606
3642
3680
3702
3733
3746
3743
3735
3716
3688
3656
3609
3576
3541
3503
3472
3452
3436
3431
3435
3447
3474
3502
3539
3578
3616
3656
3683
3709
3730
3741
3736
3718
3700
3667
3639
3602
3567
3530
3494
3469
3450
3440
3439
3447
3464
3490
3521
3556
3591
3631
3656
3690
3710
3721
3730
3721
3710
3683
3655
3618
3591
3554
3518
3489
3463
3447
3446
3447
3458
3470
3501
3530
3565
3602
3635
3666
3686
3709
3716
3717
3712
3693
3674
3642
3615
3577
3540
3516
3475
3467
3451
3447
3456
3468
3492
3515
3551
3586
3612
3651
3674
3697
3704
3711
3710
3697
3680
3652
3628
3586
3559
3528
3497
3481
3462
3460
3455
3464
3476
3503
3529
3562
3596
3626
3652
3676
3691
3703
3706
3700
3686
3660
3638
3608
3577
3554
3521
3495
3478
3453
3458
3463
3474
3484
3518
3546
3576
3608
3636
3663
3679
3693
3702
3693
3686
3668
3648
3619
3583
3566
3537
3496
3492
3469
3467
3469
3478
3493
3507
3532
3564
3587
3620
3645
3661
3682
3686
3688
3682
3668
3654
3630
3602
3582
3553
3526
3506
3493
3479
3479
3482
3492
3507
3522
3548
3571
3600
3626
3639
3662
3672
3681
3676
3671
3660
3640
3619
3592
3571
3546
3521
3509
3494
3487
3490
3493
3502
3516
3542
3558
3583
3610
3632
3650
3662
3670
3670
3667
3666
3639
3620
3598
3581
3556
3537
3521
3504
3506
3494
3498
3510
3517
3534
3552
3573
3590
3613
3634
3646
3654
3658
3662
3646
3644
3631
3602
3592
3570
3553
3535
3521
3510
3503
3501
3506
3517
3519
3544
3559
3578
3598
3611
3625
3644
3649
3647
3652
3645
3634
3618
3600
3582
3565
3550
3532
3519
3508
3508
3505
3513
3530
3537
3555
3572
3589
3604
3617
3634
3632
3648
3644
3641
3630
3620
3608
3587
3575
3558
3549
3530
3522
3519
3511
3522
3526
3537
3550
3558
3580
3586
3605
3622
3625
3632
3632
3637
3632
3623
3616
3597
3586
3567
3557
3542
3532
3526
3518
3517
3519
3540
3538
3551
3568
3579
3600
3606
3614
3628
3630
3632
3627
3623
3618
3606
3590
3574
3565
3550
3540
3532
3525
3524
3524
3532
3539
3545
3564
3565
3583
3598
3609
3618
3620
3624
3619
3622
3622
3607
3599
3582
3574
3555
3551
3546
3536
3531
3526
3533
3531
3540
3552
3557
3575
3582
3598
3610
3616
3624
3619
3621
3618
3612
3602
3591
3589
3568
3559
3546
3540
3538
3527
3530
3534
3541
3558
3557
3568
3576
3591
3600
3612
3616
3615
3622
3614
3614
3606
3593
3588
3575
3562
3558
3549
3542
3538
3533
3532
3539
3546
3551
3559
3570
3582
3594
3601
3608
3615
3616
3612
3613
3608
3601
3594
3575
3578
3566
3556
3547
3541
3542
3536
3533
3542
3543
3554
3584
3573
3578
3590
3602
3609
3618
3616
3620
3611
3609
3602
3591
3578
3566
3559
3550
3543
3542
3542
3540
3542
3546
3551
3559
3570
3578
3587
3598
3605
3612
3612
3613
3609
3607
3602
3595
3587
3580
3569
3555
3549
3550
3543
3538
3540
3545
3539
3551
3566
3569
3582
3586
3598
3603
3608
3616
3609
3607
3610
3601
3594
3582
3573
3559
3558
3550
3545
3538
3540
3542
3539
3551
3562
3569
3574
3582
3588
3598
3604
3608
3607
3607
3599
3602
3594
3588
3580
3566
3557
3554
3549
3544
3538
3544
3543
3542
3554
3559
3563
3574
3581
3592
3597
3606
3607
3603
3602
3600
3594
3591
3582
3573
3570
3558
3554
3547
3546
3546
3542
3546
3550
3557
3562
3570
3580
3583
3595
3602
3606
3609
3604
3604
3598
3591
3590
3579
3574
3564
3557
3546
3547
3546
3542
3543
3546
3551
3562
3568
3582
3582
3590
3598
3601
3602
3604
3600
3598
3590
3590
3583
3579
3566
3564
3554
3551
3542
3543
3546
3548
3551
3551
3563
3570
3576
3586
3594
3604
3602
3604
3606
3596
3597
3594
3589
3578
3570
3566
3558
3551
3550
3549
3546
3540
3548
3546
3557
3567
3573
3580
3580
3597
3602
3603
3602
3602
3594
3590
3588
3579
3574
3566
3558
3552
3550
3545
3546
3542
3548
3547
3554
3562
3572
3578
3580
3593
3594
3601
3606
3607
3600
3596
3581
3582
3575
3570
3562
3559
3547
3550
3546
3545
3548
3544
3555
3560
3565
3574
3580
3583
3588
3596
3598
3594
3602
3596
3593
3586
3575
3574
3559
3558
3554
3543
3546
3543
3547
3546
3554
3558
3560
3571
3568
3586
3587
3591
3598
3599
3598
3594
3592
3590
3582
3578
3564
3562
3556
3554
3547
3549
3554
3549
3552
3552
3561
3566
3575
3578
3581
3590
3592
3597
3595
3590
3596
3590
3587
3586
3581
3570
3558
3556
3546
3554
3546
3550
3554
3552
3560
3563
3569
3578
3583
3585
3592
3596
3596
3596
3594
3589
3588
3578
3574
3571
3568
3564
3547
3547
3550
3551
3552
3554
3556
3552
3570
3574
3581
3586
3588
3593
3594
3597
3594
3595
3586
3580
3573
3570
3567
3560
3557
3558
3546
3549
3554
3552
3560
3558
3563
3570
3575
3580
3578
3588
3587
3591
3594
3590
3590
3582
3583
3574
3572
3567
3559
3556
3552
3553
3544
3549
3554
3554
3562
3546
3574
3578
3582
3588
3587
3590
3590
3591
3583
3580
3578
3572
3569
3566
3564
3563
3556
3560
3555
3559
3558
3557
3560
3564
3573
3574
3575
3583
3585
3586
3586
3588
3586
3583
3582
3575
3573
3572
3559
3562
3556
3557
3554
3557
3558
3561
3558
3556
3561
3570
3575
3583
3583
3586
3588
3588
3583
3583
3590
3577
3575
3567
3568
3566
3559
3560
3553
3553
3558
3559
3562
3562
3562
3566
3572
3578
3582
3586
3588
3588
3583
3581
3583
3578
3574
3570
3569
3562
3565
3561
3561
3559
3558
3560
3562
3564
3572
3566
3563
3570
3575
3576
3580
3582
3600
3583
3582
3582
3583
3570
3573
3562
3565
3562
3559
3539
3556
3557
3552
3559
3560
3568
3574
3574
3572
3576
3584
3586
3587
3583
3583
3581
3578
3572
3571
3565
3564
3562
3559
3561
3556
3561
3560
3561
3567
3565
3566
3572
3575
3578
3573
3579
3577
3582
3582
3577
3578
3575
3580
3567
3565
3567
3565
3562
3559
3561
3557
3557
3562
3565
3570
3568
3572
3576
3581
3582
3575
3578
3582
3580
3578
3575
3574
3569
3568
3566
3565
3563
3557
3561
3557
3557
3562
3565
3566
3564
3572
3566
3579
3582
3583
3583
3580
3576
3570
3575
3576
3573
3565
3567
3565
3560
3559
3562
3557
3559
3562
3569
3567
3569
3570
3571
3575
3578
3581
3580
3580
3583
3574
3572
3574
3573
3570
3564
3565
3562
3561
3562
3559
3558
3558
3564
3561
3565
3570
3571
3577
3580
3580
3579
3575
3584
3579
3575
3567
3569
3570
3567
3567
3563
3564
3562
3559
3562
3559
3564
3563
3569
3567
3569
3572
3572
3580
3578
3581
3579
3576
3581
3582
3575
3567
3564
3568
3562
3561
3554
3559
3564
3559
3561
3562
3565
3567
3572
3573
3573
3577
3576
3581
3582
3581
3577
3578
3577
3572
3569
3567
3561
3567
3562
3564
3560
3561
3564
3561
3567
3566
3564
3570
3570
3576
3571
3578
3578
3577
3578
3572
3572
3571
3573
3566
3547
3562
3561
3561
3561
3559
3563
3561
3566
3564
3569
3570
3573
3576
3572
3572
3575
3581
3578
3575
3576
3574
3572
3570
3572
3563
3556
3564
3560
3561
3562
3563
3563
3564
3565
3568
3564
3573
3569
3577
3578
3577
3579
3577
3581
3577
3577
3576
3573
3570
3561
3560
3560
3561
3562
3565
3565
3561
3571
3567
3569
3574
3575
3576
3577
3577
3579
3577
3577
3576
3575
3572
3572
3567
3568
3572
3561
3559
3560
3564
3562
3564
3565
3564
3569
3572
3572
3575
3572
3577
3576
3577
3580
3575
3577
3574
3577
3566
3572
3569
3565
3566
3558
3564
3562
3560
3566
3563
3565
3567
3567
3572
3573
3576
3579
3579
3578
3581
3579
3572
3573
3571
3569
3572
3569
3571
3560
3551
3564
3559
3562
3565
3567
3570
3572
3578
3572
3576
3571
3575
3578
3575
3576
3570
3573
3571
3573
3570
3569
3567
3565
3565
3562
3561
3562
3559
3563
3565
3567
3567
3569
3572
3569
3574
3576
3576
3578
3574
3576
3571
3573
3567
3572
3566
3558
3564
3563
3561
3562
3565
3563
3560
3567
3563
3573
3574
3573
3571
3572
3573
3572
3569
3569
3561
3567
3570
3567
3567
3565
3561
3563
3565
3567
3572
3564
3566
3561
3562
3569
3570
3573
3575
3569
3576
3571
3573
3578
3573
3571
3572
3569
3566
3572
3569
3561
3563
3562
3565
3563
3564
3567
3561
3563
3567
3572
3570
3569
3572
3571
3573
3574
3573
3577
3568
3572
3567
3565
3567
3565
3557
3560
3557
3561
3565
3566
3564
3569
3570
3564
3571
3569
3572
3571
3569
3574
3551
3570
3570
3565
3565
3563
3570
3567
3567
3562
3565
3562
3561
3566
3565
3567
3564
3565
3569
3565
3571
3565
3575
3570
3573
3574
3572
3574
3569
3569
3565
3565
3568
3564
3560
3562
3567
3566
3567
3571
3565
3572
3563
3569
3582
3569
3571
3572
3572
3570
3572
3576
3568
3567
3566
3569
3567
3565
3567
3563
3563
3566
3565
3566
3565
3567
3566
3571
3570
3573
3577
3569
3564
3567
3571
3574
3573
3569
3566
3567
3562
3565
3568
3561
3563
3562
3565
3563
3564
3576
3569
3569
3567
3567
3574
3571
3573
3569
3573
3571
3569
3566
3564
3573
3563
3561
3562
3565
3561
3564
3561
3564
3557
3563
3561
3566
3562
3567
3571
3572
3564
3567
3572
3570
3573
3571
3567
3573
3568
3568
3566
3569
3565
3564
3569
3566
3567
3574
3568
3564
3566
3569
3564
3569
3571
3569
3568
3566
3575
3571
3572
3570
3563
3567
3566
3564
3562
3565
3565
3560
3565
3566
3572
3571
3564
3569
3567
3561
3578
3573
3571
3566
3573
3567
3573
3567
3565
3571
3566
3567
3566
3564
3569
3563
3561
3567
3569
3568
3562
3565
3563
3567
3566
3569
3573
3567
3569
3569
3569
3571
3565
3565
3565
3565
3565
3575
3565
3565
3567
3566
3569
3566
3569
3573
3565
3565
3567
3564
3570
3569
3569
3563
3569
3570
3572
3567
3564
3569
3565
3567
3567
3567
3564
3564
3567
3564
3565
3564
3569
3570
3566
3568
3567
3564
3570
3567
3565
3566
3565
3566
3565
3565
3568
3568
3566
3572
3567
3564
3567
3563
3565
3567
3569
3567
3569
3567
3566
3567
3564
3565
3570
3562
3567
3567
3568
3564
3565
3563
3566
3567
3567
3565
3565
3560
3565
3566
3565
3567
3566
3569
3561
3569
3567
3565
3566
3566
3569
3564
3569
3573
3568
3570
3566
3565
3567
3564
3572
3563
3563
3566
3565
3568
3567
3569
3568
3566
3570
3565
3563
3564
3567
3585
3567
3567
3568
3566
3563
3559
3566
3565
3566
3565
3559
3566
3567
3567
3565
3565
3567
3571
3572
3565
3574
3567
3564
3566
3563
3570
3569
3567
3564
3569
3565
3565
3567
3569
3566
3565
3565
3565
3567
3569
3561
3570
3567
3575
3570
3564
3570
3561
3559
3567
3565
3562
3555
3561
3560
3565
3563
3565
3567
3564
3569
3569
3569
3570
3569
3568
3567
3569
3564
3572
3568
3557
3566
3562
3564
3563
3564
3566
3563
3565
3562
3565
3564
3564
3565
3563
3564
3567
3572
3571
3568
3572
3567
3573
3574
3569
3570
3564
3567
3557
3564
3563
3563
3564
3562
3564
3563
3572
3576
3567
3565
3570
3569
3570
3570
3570
3568
3572
3574
3572
3570
3566
3569
3566
3565
3566
3559
3554
3557
3560
3560
3564
3567
3565
3566
3566
3576
3571
3568
3572
3567
3569
3570
3569
3570
3569
3571
3573
3568
3562
3564
3563
3556
3561
3560
3564
3566
3565
3561
3566
3568
3566
3569
3569
3565
3567
3570
3572
3570
3568

