3420 
3423 
3422 
3423 
3424 
3423 
3427 
3422 
3423 
3427 
3421 
3430 
3441 
3419 
3422 
3428 
3424 
3420 
3421 
3419 
3423 
3422 
3425 
3423 
3413 
3416 
3416 
3419 
3419 
3417 
3418 
3414 
3420 
3410 
3420 
3419 
3412 
3418 
3410 
3415 
3416 
3415 
3418 
3416 
3417 
3418 
3399 
3416 
3413 
3413 
3410 
3414 
3410 
3413 
3414 
3409 
3411 
3413 
3415 
3419 
3419 
3418 
3410 
3413 
3414 
3413 
3414 
3412 
3411 
3410 
3412 
3411 
3409 
3416 
3411 
3411 
3411 
3420 
3412 
3413 
3414 
3411 
3415 
3414 
3417 
3415 
3412 
3413 
3411 
3413 
3411 
3413 
3409 
3416 
3413 
3410 
3411 
3411 
3411 
3416 
3410 
3412 
3411 
3413 
3414 
3415 
3411 
3414 
3415 
3418 
3413 
3413 
3412 
3414 
3414 
3415 
3412 
3402 
3406 
3410 
3411 
3416 
3413 
3414 
3412 
3413 
3410 
3413 
3414 
3412 
3415 
3407 
3412 
3416 
3413 
3416 
3413 
3411 
3410 
3413 
3408 
3413 
3413 
3415 
3415 
3411 
3413 
3412 
3412 
3416 
3416 
3413 
3418 
3415 
3416 
3414 
3416 
3418 
3415 
3414 
3415 
3418 
3414 
3417 
3418 
3415 
3418 
3414 
3413 
3410 
3415 
3414 
3414 
3414 
3412 
3417 
3418 
3420 
3415 
3412 
3436 
3414 
3415 
3422 
3418 
3419 
3418 
3420 
3419 
3420 
3418 
3417 
3421 
3418 
3417 
3416 
3413 
3418 
3414 
3414 
3415 
3417 
3418 
3418 
3420 
3418 
3419 
3416 
3420 
3419 
3414 
3416 
3416 
3417 
3419 
3417 
3420 
3415 
3423 
3418 
3417 
3418 
3422 
3420 
3418 
3420 
3419 
3417 
3420 
3418 
3418 
3420 
3421 
3422 
3420 
3418 
3423 
3421 
3419 
3422 
3422 
3420 
3423 
3418 
3415 
3422 
3415 
3419 
3418 
3421 
3418 
3423 
3424 
3420 
3424 
3420 
3423 
3423 
3421 
3426 
3422 
3426 
3426 
3423 
3426 
3420 
3418 
3422 
3425 
3418 
3415 
3424 
3416 
3422 
3419 
3421 
3426 
3424 
3424 
3422 
3421 
3422 
3421 
3424 
3421 
3427 
3422 
3422 
3422 
3421 
3422 
3418 
3421 
3422 
3413 
3412 
3419 
3421 
3420 
3423 
3422 
3423 
3423 
3422 
3422 
3418 
3423 
3426 
3422 
3430 
3422 
3424 
3422 
3425 
3424 
3428 
3424 
3422 
3423 
3418 
3412 
3422 
3418 
3423 
3422 
3429 
3424 
3419 
3422 
3418 
3422 
3422 
3423 
3424 
3422 
3418 
3424 
3423 
3426 
3423 
3422 
3418 
3422 
3422 
3415 
3416 
3419 
3422 
3422 
3422 
3426 
3421 
3424 
3422 
3424 
3426 
3423 
3426 
3422 
3424 
3422 
3424 
3424 
3423 
3426 
3420 
3428 
3426 
3419 
3418 
3414 
3419 
3418 
3420 
3418 
3421 
3424 
3420 
3424 
3418 
3423 
3423 
3421 
3424 
3418 
3423 
3426 
3428 
3426 
3423 
3424 
3422 
3424 
3426 
3429 
3420 
3418 
3418 
3418 
3419 
3422 
3421 
3420 
3418 
3421 
3420 
3423 
3426 
3424 
3428 
3426 
3428 
3427 
3425 
3428 
3422 
3423 
3419 
3414 
3418 
3412 
3410 
3400 
3413 
3414 
3418 
3422 
3418 
3426 
3427 
3431 
3434 
3437 
3442 
3434 
3436 
3428 
3428 
3419 
3416 
3418 
3410 
3410 
3403 
3404 
3406 
3405 
3407 
3411 
3417 
3422 
3426 
3432 
3435 
3442 
3446 
3447 
3446 
3440 
3437 
3432 
3427 
3424 
3415 
3408 
3401 
3397 
3394 
3391 
3394 
3396 
3403 
3400 
3412 
3422 
3429 
3442 
3447 
3454 
3462 
3463 
3464 
3462 
3453 
3440 
3431 
3419 
3408 
3398 
3379 
3378 
3370 
3365 
3374 
3377 
3386 
3394 
3412 
3424 
3444 
3458 
3468 
3486 
3486 
3489 
3486 
3476 
3466 
3448 
3430 
3407 
3386 
3374 
3358 
3349 
3342 
3344 
3347 
3359 
3375 
3390 
3418 
3435 
3459 
3482 
3493 
3505 
3509 
3509 
3499 
3489 
3473 
3452 
3431 
3402 
3382 
3360 
3341 
3330 
3319 
3323 
3326 
3340 
3358 
3378 
3406 
3434 
3461 
3490 
3514 
3532 
3534 
3540 
3531 
3517 
3502 
3472 
3440 
3406 
3372 
3344 
3319 
3299 
3286 
3287 
3290 
3308 
3338 
3364 
3398 
3434 
3472 
3506 
3537 
3554 
3566 
3568 
3560 
3543 
3514 
3482 
3443 
3399 
3364 
3326 
3297 
3278 
3264 
3264 
3266 
3287 
3316 
3355 
3386 
3436 
3475 
3506 
3540 
3570 
3581 
3586 
3577 
3557 
3530 
3499 
3456 
3410 
3368 
3328 
3295 
3266 
3252 
3246 
3247 
3268 
3290 
3329 
3374 
3421 
3466 
3509 
3549 
3577 
3601 
3608 
3597 
3583 
3554 
3520 
3474 
3428 
3378 
3330 
3289 
3258 
3236 
3218 
3223 
3242 
3268 
3310 
3354 
3408 
3459 
3512 
3548 
3583 
3609 
3626 
3620 
3602 
3574 
3533 
3489 
3440 
3390 
3331 
3295 
3254 
3231 
3218 
3217 
3230 
3254 
3289 
3334 
3388 
3440 
3487 
3537 
3575 
3610 
3626 
3628 
3624 
3588 
3554 
3514 
3461 
3410 
3358 
3307 
3266 
3236 
3214 
3207 
3211 
3233 
3270 
3310 
3362 
3418 
3472 
3532 
3566 
3605 
3627 
3637 
3630 
3610 
3582 
3530 
3482 
3430 
3376 
3323 
3273 
3241 
3214 
3205 
3210 
3223 
3255 
3290 
3341 
3393 
3449 
3503 
3551 
3591 
3616 
3632 
3634 
3616 
3594 
3550 
3511 
3450 
3399 
3346 
3295 
3262 
3227 
3213 
3206 
3217 
3240 
3270 
3316 
3368 
3419 
3478 
3527 
3569 
3599 
3629 
3630 
3623 
3603 
3570 
3532 
3482 
3422 
3370 
3320 
3278 
3242 
3217 
3210 
3216 
3232 
3258 
3298 
3345 
3399 
3451 
3505 
3547 
3578 
3609 
3619 
3621 
3608 
3579 
3542 
3496 
3447 
3400 
3345 
3298 
3263 
3238 
3222 
3220 
3227 
3247 
3286 
3325 
3371 
3422 
3473 
3518 
3556 
3587 
3603 
3612 
3606 
3588 
3558 
3514 
3474 
3422 
3383 
3330 
3290 
3258 
3232 
3225 
3226 
3241 
3269 
3305 
3350 
3394 
3445 
3496 
3533 
3569 
3587 
3608 
3600 
3589 
3566 
3530 
3488 
3442 
3399 
3352 
3317 
3277 
3247 
3237 
3233 
3245 
3270 
3297 
3336 
3375 
3421 
3465 
3505 
3541 
3565 
3583 
3583 
3580 
3563 
3537 
3506 
3463 
3424 
3382 
3343 
3310 
3276 
3256 
3250 
3252 
3266 
3289 
3318 
3350 
3393 
3434 
3477 
3514 
3541 
3561 
3572 
3577 
3564 
3549 
3518 
3484 
3447 
3402 
3365 
3330 
3301 
3276 
3253 
3257 
3262 
3281 
3304 
3337 
3373 
3413 
3453 
3490 
3520 
3547 
3556 
3564 
3557 
3541 
3519 
3493 
3459 
3422 
3392 
3352 
3324 
3304 
3277 
3273 
3272 
3284 
3302 
3329 
3362 
3394 
3427 
3463 
3495 
3518 
3533 
3544 
3545 
3541 
3523 
3504 
3477 
3442 
3412 
3377 
3349 
3323 
3308 
3286 
3279 
3288 
3297 
3317 
3342 
3372 
3412 
3438 
3469 
3497 
3520 
3533 
3537 
3533 
3525 
3508 
3488 
3455 
3427 
3394 
3365 
3342 
3317 
3306 
3290 
3294 
3301 
3315 
3342 
3362 
3390 
3420 
3452 
3475 
3497 
3515 
3524 
3527 
3518 
3507 
3490 
3468 
3444 
3407 
3383 
3362 
3341 
3324 
3313 
3311 
3309 
3319 
3340 
3356 
3379 
3400 
3432 
3454 
3477 
3498 
3509 
3512 
3512 
3508 
3494 
3477 
3455 
3430 
3406 
3376 
3356 
3338 
3324 
3316 
3311 
3319 
3326 
3345 
3364 
3386 
3414 
3436 
3461 
3478 
3495 
3503 
3504 
3503 
3491 
3477 
3464 
3441 
3417 
3390 
3372 
3353 
3340 
3331 
3325 
3333 
3338 
3356 
3363 
3381 
3409 
3423 
3443 
3462 
3477 
3490 
3494 
3493 
3488 
3479 
3466 
3445 
3429 
3405 
3388 
3369 
3353 
3346 
3335 
3334 
3336 
3345 
3358 
3373 
3388 
3408 
3428 
3442 
3463 
3474 
3484 
3489 
3486 
3479 
3469 
3453 
3434 
3414 
3398 
3379 
3366 
3354 
3349 
3343 
3340 
3349 
3357 
3373 
3390 
3407 
3418 
3436 
3452 
3458 
3469 
3475 
3472 
3474 
3462 
3448 
3436 
3420 
3406 
3388 
3374 
3364 
3357 
3352 
3351 
3357 
3361 
3373 
3382 
3392 
3415 
3425 
3440 
3451 
3465 
3468 
3471 
3470 
3464 
3457 
3444 
3433 
3419 
3397 
3393 
3374 
3368 
3358 
3353 
3356 
3358 
3369 
3375 
3393 
3406 
3418 
3433 
3445 
3455 
3462 
3468 
3465 
3460 
3453 
3443 
3433 
3426 
3411 
3396 
3383 
3369 
3368 
3359 
3363 
3365 
3373 
3378 
3392 
3403 
3413 
3428 
3435 
3445 
3454 
3455 
3456 
3458 
3449 
3442 
3435 
3426 
3424 
3405 
3389 
3384 
3373 
3369 
3370 
3375 
3371 
3376 
3385 
3393 
3409 
3419 
3429 
3443 
3450 
3455 
3459 
3455 
3456 
3445 
3431 
3424 
3413 
3402 
3390 
3381 
3373 
3369 
3367 
3368 
3373 
3376 
3388 
3395 
3409 
3422 
3429 
3438 
3444 
3453 
3455 
3453 
3454 
3443 
3438 
3426 
3417 
3402 
3393 
3386 
3377 
3371 
3392 
3373 
3374 
3380 
3388 
3395 
3409 
3418 
3428 
3435 
3438 
3449 
3449 
3453 
3451 
3447 
3438 
3428 
3421 
3406 
3397 
3389 
3379 
3377 
3370 
3370 
3374 
3381 
3388 
3393 
3403 
3414 
3428 
3434 
3439 
3448 
3449 
3453 
3450 
3445 
3437 
3424 
3413 
3406 
3397 
3387 
3376 
3370 
3366 
3368 
3370 
3380 
3387 
3397 
3410 
3414 
3430 
3438 
3444 
3452 
3451 
3449 
3446 
3444 
3438 
3423 
3415 
3405 
3393 
3390 
3383 
3375 
3366 
3369 
3371 
3379 
3390 
3399 
3408 
3416 
3429 
3434 
3443 
3448 
3447 
3452 
3446 
3444 
3435 
3425 
3416 
3403 
3393 
3385 
3384 
3374 
3366 
3364 
3368 
3377 
3384 
3393 
3411 
3415 
3429 
3439 
3447 
3454 
3453 
3451 
3446 
3441 
3432 
3425 
3417 
3401 
3394 
3379 
3373 
3371 
3367 
3372 
3367 
3375 
3384 
3396 
3406 
3417 
3429 
3438 
3447 
3450 
3453 
3454 
3444 
3444 
3435 
3429 
3416 
3405 
3393 
3382 
3376 
3371 
3365 
3366 
3365 
3375 
3378 
3389 
3398 
3412 
3428 
3433 
3449 
3450 
3455 
3454 
3451 
3448 
3438 
3431 
3418 
3409 
3397 
3382 
3377 
3369 
3367 
3366 
3371 
3374 
3380 
3388 
3400 
3413 
3424 
3434 
3447 
3446 
3455 
3458 
3453 
3448 
3439 
3427 
3418 
3404 
3394 
3383 
3375 
3366 
3366 
3362 
3365 
3375 
3380 
3388 
3395 
3411 
3422 
3433 
3444 
3447 
3452 
3452 
3449 
3448 
3440 
3436 
3420 
3412 
3400 
3388 
3380 
3371 
3367 
3363 
3365 
3364 
3374 
3380 
3390 
3399 
3411 
3423 
3435 
3440 
3449 
3450 
3453 
3454 
3444 
3437 
3426 
3417 
3404 
3391 
3384 
3370 
3364 
3360 
3361 
3364 
3365 
3382 
3387 
3399 
3406 
3417 
3430 
3438 
3445 
3448 
3453 
3450 
3447 
3442 
3431 
3420 
3406 
3397 
3392 
3376 
3368 
3362 
3364 
3366 
3373 
3376 
3388 
3401 
3404 
3415 
3426 
3436 
3446 
3449 
3451 
3451 
3447 
3442 
3431 
3423 
3411 
3399 
3390 
3381 
3375 
3362 
3363 
3362 
3367 
3374 
3376 
3393 
3402 
3412 
3417 
3429 
3439 
3445 
3453 
3450 
3452 
3446 
3437 
3430 
3416 
3407 
3398 
3388 
3378 
3370 
3366 
3362 
3366 
3370 
3377 
3387 
3393 
3408 
3417 
3425 
3438 
3445 
3449 
3448 
3449 
3442 
3437 
3432 
3421 
3413 
3398 
3392 
3382 
3376 
3370 
3363 
3363 
3370 
3373 
3382 
3389 
3400 
3409 
3421 
3430 
3439 
3456 
3443 
3445 
3442 
3441 
3435 
3426 
3414 
3406 
3397 
3386 
3377 
3371 
3366 
3367 
3362 
3372 
3378 
3381 
3391 
3401 
3411 
3419 
3433 
3434 
3437 
3439 
3440 
3439 
3434 
3429 
3422 
3408 
3404 
3393 
3385 
3382 
3377 
3371 
3371 
3375 
3376 
3383 
3393 
3399 
3411 
3414 
3423 
3432 
3433 
3445 
3443 
3437 
3434 
3429 
3422 
3411 
3403 
3395 
3387 
3379 
3375 
3374 
3368 
3373 
3374 
3381 
3391 
3395 
3403 
3408 
3421 
3426 
3431 
3439 
3437 
3443 
3438 
3433 
3426 
3416 
3412 
3402 
3394 
3386 
3381 
3374 
3367 
3368 
3368 
3379 
3379 
3392 
3399 
3403 
3416 
3423 
3431 
3438 
3440 
3440 
3438 
3435 
3426 
3421 
3411 
3401 
3395 
3386 
3381 
3378 
3373 
3372 
3368 
3373 
3379 
3385 
3394 
3401 
3409 
3416 
3422 
3427 
3434 
3438 
3435 
3436 
3427 
3425 
3419 
3413 
3401 
3393 
3389 
3381 
3377 
3376 
3373 
3378 
3378 
3383 
3390 
3396 
3408 
3411 
3419 
3426 
3431 
3434 
3435 
3437 
3432 
3431 
3422 
3413 
3406 
3394 
3389 
3379 
3377 
3378 
3376 
3374 
3374 
3381 
3386 
3393 
3400 
3391 
3416 
3418 
3427 
3427 
3432 
3434 
3429 
3427 
3423 
3417 
3416 
3402 
3395 
3387 
3383 
3378 
3376 
3378 
3376 
3380 
3384 
3389 
3400 
3403 
3410 
3414 
3413 
3426 
3429 
3430 
3425 
3430 
3424 
3420 
3416 
3408 
3406 
3391 
3385 
3382 
3379 
3374 
3373 
3377 
3379 
3386 
3391 
3399 
3406 
3410 
3419 
3419 
3425 
3432 
3427 
3427 
3426 
3420 
3414 
3409 
3403 
3395 
3395 
3382 
3380 
3379 
3376 
3378 
3378 
3383 
3390 
3397 
3402 
3406 
3413 
3417 
3423 
3426 
3428 
3427 
3423 
3421 
3416 
3413 
3410 
3402 
3395 
3390 
3389 
3379 
3379 
3378 
3377 
3381 
3382 
3392 
3398 
3401 
3410 
3413 
3419 
3424 
3425 
3426 
3423 
3422 
3419 
3415 
3410 
3405 
3401 
3388 
3389 
3384 
3387 
3382 
3386 
3382 
3384 
3389 
3393 
3401 
3409 
3411 
3419 
3422 
3427 
3426 
3425 
3426 
3419 
3415 
3410 
3405 
3402 
3394 
3393 
3387 
3383 
3387 
3387 
3387 
3382 
3389 
3394 
3399 
3406 
3408 
3411 
3416 
3420 
3420 
3423 
3422 
3420 
3420 
3411 
3409 
3402 
3393 
3396 
3389 
3386 
3386 
3385 
3386 
3383 
3387 
3387 
3397 
3403 
3412 
3417 
3417 
3423 
3422 
3423 
3426 
3421 
3418 
3413 
3411 
3406 
3399 
3398 
3391 
3391 
3384 
3383 
3384 
3389 
3386 
3385 
3391 
3398 
3401 
3406 
3410 
3413 
3415 
3419 
3422 
3421 
3419 
3415 
3413 
3411 
3409 
3403 
3401 
3400 
3396 
3396 
3391 
3393 
3395 
3392 
3395 
3394 
3399 
3402 
3405 
3411 
3411 
3415 
3416 
3419 
3418 
3412 
3411 
3408 
3405 
3402 
3399 
3398 
3392 
3393 
3393 
3393 
3398 
3399 
3408 
3396 
3400 
3400 
3405 
3409 
3412 
3419 
3414 
3416 
3418 
3413 
3414 
3409 
3405 
3403 
3400 
3395 
3392 
3390 
3387 
3389 
3391 
3393 
3398 
3402 
3401 
3403 
3405 
3411 
3411 
3416 
3417 
3417 
3418 
3421 
3416 
3411 
3411 
3402 
3403 
3398 
3396 
3396 
3391 
3389 
3394 
3393 
3394 
3394 
3403 
3395 
3399 
3403 
3407 
3410 
3410 
3415 
3411 
3417 
3418 
3415 
3409 
3403 
3405 
3401 
3401 
3400 
3393 
3395 
3390 
3393 
3395 
3400 
3402 
3406 
3403 
3407 
3409 
3416 
3413 
3413 
3415 
3417 
3415 
3417 
3417 
3408 
3405 
3400 
3397 
3398 
3395 
3394 
3394 
3395 
3394 
3397 
3398 
3397 
3409 
3400 
3405 
3407 
3409 
3416 
3415 
3415 
3415 
3421 
3416 
3409 
3411 
3407 
3408 
3403 
3401 
3399 
3395 
3397 
3395 
3408 
3403 
3405 
3408 
3411 
3405 
3407 
3409 
3410 
3411 
3417 
3414 
3413 
3414 
3409 
3409 
3403 
3399 
3399 
3399 
3400 
3398 
3401 
3399 
3403 
3403 
3405 
3407 
3408 
3413 
3416 
3403 
3407 
3417 
3410 
3407 
3409 
3407 
3407 
3403 
3403 
3406 
3402 
3404 
3403 
3401 
3402 
3401 
3401 
3403 
3405 
3406 
3407 
3409 
3409 
3413 
3418 
3411 
3411 
3415 
3409 
3403 
3405 
3407 
3405 
3401 
3398 
3399 
3397 
3399 
3400 
3400 
3403 
3402 
3404 
3403 
3401 
3409 
3407 
3409 
3411 
3413 
3418 
3407 
3408 
3415 
3408 
3403 
3406 
3403 
3401 
3403 
3400 
3401 
3403 
3403 
3403 
3403 
3407 
3406 
3409 
3410 
3409 
3411 
3410 
3411 
3411 
3409 
3432 
3413 
3409 
3402 
3407 
3414 
3397 
3399 
3395 
3399 
3398 
3399 
3406 
3401 
3405 
3407 
3408 
3411 
3411 
3411 
3410 
3411 
3411 
3411 
3411 
3409 
3411 
3410 
3401 
3402 
3409 
3402 
3395 
3395 
3398 
3397 
3400 
3399 
3400 
3402 
3404 
3406 
3409 
3410 
3408 
3412 
3410 
3411 
3414 
3409 
3409 
3406 
3405 
3406 
3397 
3400 
3401 
3401 
3398 
3398 
3402 
3401 
3406 
3403 
3407 
3410 
3411 
3410 
3411 
3409 
3409 
3411 
3410 
3408 
3406 
3403 
3405 
3403 
3403 
3407 
3399 
3400 
3407 
3400 
3398 
3399 
3403 
3402 
3406 
3406 
3408 
3410 
3409 
3414 
3411 
3411 
3411 
3411 
3404 
3405 
3405 
3402 
3403 
3402 
3402 
3403 
3398 
3403 
3395 
3401 
3406 
3408 
3407 
3408 
3412 
3410 
3413 
3414 
3417 
3415 
3410 
3412 
3411 
3409 
3411 
3406 
3405 
3406 
3405 
3402 
3402 
3396 
3396 
3413 
3402 
3404 
3406 
3405 
3409 
3409 
3411 
3414 
3415 
3411 
3410 
3411 
3408 
3409 
3409 
3403 
3406 
3402 
3402 
3402 
3401 
3402 
3402 
3402 
3403 
3413 
3404 
3401 
3404 
3408 
3409 
3410 
3412 
3411 
3408 
3410 
3409 
3409 
3407 
3405 
3402 
3402 
3402 
3400 
3403 
3403 
3402 
3406 
3402 
3408 
3403 
3413 
3408 
3403 
3405 
3407 
3409 
3410 
3408 
3408 
3405 
3408 
3402 
3404 
3405 
3399 
3402 
3400 
3403 
3402 
3402 
3402 
3400 
3404 
3403 
3405 
3408 
3416 
3408 
3404 
3409 
3410 
3408 
3410 
3407 
3408 
3407 
3407 
3406 
3402 
3403 
3401 
3401 
3402 
3396 
3401 
3396 
3401 
3402 
3405 
3407 
3409 
3408 
3416 
3408 
3404 
3407 
3406 
3404 
3408 
3402 
3406 
3406 
3404 
3404 
3400 
3401 
3402 
3403 
3402 
3402 
3404 
3403 
3407 
3408 
3408 
3407 
3406 
3412 
3418 
3409 
3407 
3406 
3406 
3404 
3405 
3402 
3401 
3400 
3399 
3402 
3398 
3398 
3398 
3397 
3400 
3398 
3399 
3402 
3405 
3406 
3404 
3411 
3411 
3419 
3410 
3408 
3410 
3404 
3400 
3403 
3405 
3407 
3403 
3402 
3400 
3401 
3400 
3399 
3400 
3400 
3404 
3402 
3404 
3407 
3408 
3408 
3405 
3407 
3414 
3407 
3404 
3402 
3403 
3400 
3403 
3402 
3404 
3403 
3391 
3402 
3399 
3401 
3403 
3403 
3403 
3402 
3404 
3406 
3408 
3408 
3405 
3411 
3408 
3410 
3410 
3408 
3408 
3404 
3403 
3403 
3399 
3400 
3396 
3398 
3396 
3399 
3398 
3399 
3401 
3398 
3402 
3402 
3405 
3402 
3407 
3408 
3406 
3409 
3406 
3408 
3406 
3401 
3404 
3400 
3401 
3400 
3397 
3398 
3395 
3397 
3398 
3401 
3400 
3398 
3404 
3402 
3408 
3403 
3404 
3414 
3406 
3404 
3409 
3409 
3407 
3405 
3403 
3400 
3401 
3400 
3399 
3400 
3397 
3400 
3398 
3400 
3402 
3400 
3406 
3403 
3404 
3406 
3408 
3410 
3409 
3403 
3410 
3415 
3418 
3407 
3404 
3399 
3401 
3400 
3401 
3402 
3399 
3398 
3400 
3397 
3398 
3399 
3402 
3400 
3406 
3402 
3406 
3407 
3404 
3408 
3405 
3398 
3410 
3413 
3416 
3402 
3401 
3400 
3405 
3402 
3405 
3405 
3399 
3403 
3400 
3401 
3402 
3403 
3402 
3404 
3405 
3406 
3405 
3408 
3404 
3408 
3398 
3408 
3410 
3414 
3404 
3398 
3399 
3400 
3399 
3400 
3396 
3399 
3398 
3399 
3398 
3404 
3404 
3399 
3404 
3403 
3405 
3407 
3408 
3406 
3406 
3400 
3408 
3413 
3395 
3400 
3402 
3398 
3398 
3400 
3397 
3398 
3398 
3400 
3402 
3401 
3402 
3402 
3404 
3402 
3405 
3406 
3408 
3407 
3402 
3407 
3402 
3397 
3410 
3409 
3394 
3400 
3399 
3396 
3399 
3402 
3401 
3404 
3402 
3406 
3406 
3405 
3410 
3406 
3408 
3407 
3409 
3410 
3407 
3406 
3402 
3405 
3403 
3398 
3406 
3404 
3396 
3398 
3399 
3402 
3398 
3400 
3400 
3404 
3403 
3405 
3406 
3404 
3410 
3402 
3404 
3406 
3404 
3408 
3405 
3405 
3405 
3405 
3404 
3396 
3406 
3404 
3395 
3398 
3397 
3399 
3394 
3399 
3400 
3401 
3406 
3404 
3404 
3404 
3407 
3406 
3408 
3408 
3404 
3408 
3402 
3404 
3406 
3404 
3406 
3397 
3407 
3407 
3397 
3402 
3396 
3397 
3398 
3401 
3402 
3404 
3404 
3400 
3404 
3402 
3405 
3410 
3408 
3406 
3404 
3404 
3402 
3404 
3402 
3399 
3402 
3394 
3405 
3402 
3392 
3400 
3394 
3398 
3399 
3401 
3402 
3401 
3404 
3402 
3406 
3406 
3406 
3407 
3402 
3404 
3402 
3401 
3402 
3402 
3402 
3399 
3400 
3396 
3408 
3408 
3393 
3406 
3398 
3400 
3402 
3401 
3406 
3402 
3403 
3406 
3407 
3406 
3404 
3404 
3402 
3404 
3402 
3404 
3403 
3398 
3399 
3400 
3401 
3398 
3408 
3408 
3396 
3401 
3398 
3399 
3402 
3400 
3406 
3406 
3406 
3406 
3401 
3408 
3402 
3403 
3404 
3404 
3402 
3400 
3403 
3401 
3403 
3406 
3404 
3401 
3405 
3409 
3403 
3401 
3403 
3402 
3402 
3402 
3401 
3402 
3403 
3402 
3385 
3404 
3398 
3402 
3402 
3400 
3404 
3399 
3399 
3400 
3404 
3402 
3399 
3397 
3406 
3408 
3398 
3404 
3402 
3396 
3402 
3400 
3403 
3402 
3402 
3402 
3400 
3404 
3402 
3401 
3403 
3403 
3406 
3402 
3404 
3403 
3401 
3404 
3399 
3391 
3406 
3409 
3398 
3399 
3400 
3398 
3399 
3402 
3401 
3402 
3398 
3401 
3402 
3401 
3406 
3403 
3402 
3400 
3401 
3402 
3404 
3400 
3401 
3404 
3402 
3400 
3410 
3406 
3398 
3400 
3397 
3399 
3399 
3402 
3401 
3402 
3401 
3403 
3403 
3404 

