3358 
3363 
3369 
3362 
3365 
3368 
3369 
3370 
3362 
3365 
3368 
3363 
3368 
3363 
3361 
3364 
3359 
3362 
3359 
3365 
3363 
3363 
3363 
3363 
3363 
3354 
3361 
3368 
3353 
3360 
3357 
3356 
3357 
3359 
3358 
3359 
3361 
3359 
3363 
3362 
3365 
3363 
3364 
3362 
3359 
3367 
3362 
3361 
3362 
3359 
3358 
3358 
3367 
3354 
3359 
3361 
3361 
3365 
3362 
3363 
3366 
3362 
3362 
3355 
3365 
3362 
3365 
3363 
3361 
3363 
3362 
3359 
3363 
3353 
3361 
3355 
3359 
3360 
3365 
3362 
3359 
3361 
3363 
3364 
3360 
3364 
3365 
3360 
3365 
3363 
3367 
3374 
3369 
3370 
3366 
3369 
3368 
3371 
3369 
3365 
3367 
3362 
3369 
3371 
3364 
3366 
3363 
3365 
3368 
3369 
3362 
3364 
3371 
3368 
3371 
3370 
3369 
3371 
3368 
3369 
3369 
3361 
3368 
3367 
3366 
3366 
3369 
3371 
3377 
3370 
3369 
3377 
3370 
3373 
3371 
3372 
3376 
3371 
3373 
3371 
3373 
3372 
3368 
3370 
3370 
3374 
3371 
3373 
3371 
3370 
3371 
3371 
3369 
3374 
3373 
3371 
3372 
3373 
3374 
3375 
3376 
3373 
3377 
3374 
3376 
3375 
3376 
3379 
3376 
3379 
3359 
3377 
3378 
3374 
3371 
3371 
3376 
3375 
3377 
3377 
3378 
3377 
3375 
3375 
3380 
3379 
3376 
3375 
3377 
3377 
3367 
3379 
3376 
3381 
3382 
3381 
3379 
3377 
3384 
3379 
3381 
3378 
3379 
3382 
3382 
3381 
3378 
3371 
3382 
3385 
3386 
3380 
3381 
3378 
3381 
3384 
3383 
3379 
3382 
3385 
3387 
3383 
3384 
3381 
3386 
3382 
3385 
3386 
3384 
3384 
3382 
3382 
3384 
3385 
3386 
3386 
3385 
3379 
3389 
3387 
3380 
3387 
3382 
3385 
3383 
3385 
3388 
3387 
3384 
3382 
3385 
3382 
3383 
3384 
3382 
3385 
3382 
3385 
3382 
3384 
3381 
3377 
3387 
3384 
3381 
3384 
3383 
3387 
3387 
3387 
3386 
3385 
3386 
3382 
3384 
3384 
3389 
3388 
3383 
3386 
3386 
3385 
3386 
3387 
3386 
3383 
3381 
3382 
3389 
3384 
3381 
3387 
3381 
3383 
3387 
3385 
3386 
3386 
3387 
3385 
3387 
3386 
3389 
3387 
3385 
3400 
3386 
3389 
3390 
3387 
3386 
3386 
3380 
3379 
3391 
3384 
3384 
3383 
3386 
3387 
3387 
3384 
3390 
3385 
3383 
3386 
3388 
3386 
3386 
3386 
3386 
3387 
3387 
3389 
3387 
3386 
3389 
3386 
3381 
3384 
3393 
3384 
3384 
3388 
3384 
3385 
3392 
3385 
3394 
3386 
3388 
3387 
3388 
3390 
3385 
3387 
3386 
3389 
3386 
3383 
3385 
3383 
3388 
3386 
3383 
3384 
3390 
3385 
3384 
3385 
3391 
3387 
3386 
3388 
3388 
3387 
3389 
3386 
3384 
3388 
3386 
3385 
3387 
3388 
3389 
3387 
3385 
3388 
3385 
3386 
3382 
3383 
3390 
3385 
3382 
3387 
3387 
3383 
3389 
3384 
3383 
3390 
3387 
3384 
3386 
3387 
3385 
3389 
3389 
3387 
3387 
3386 
3387 
3387 
3388 
3388 
3380 
3381 
3390 
3383 
3386 
3385 
3387 
3385 
3389 
3386 
3387 
3387 
3386 
3389 
3386 
3385 
3388 
3387 
3386 
3386 
3385 
3384 
3386 
3387 
3385 
3387 
3379 
3387 
3387 
3385 
3384 
3384 
3385 
3379 
3383 
3384 
3382 
3385 
3384 
3387 
3387 
3388 
3390 
3386 
3389 
3393 
3389 
3391 
3392 
3386 
3386 
3385 
3384 
3383 
3384 
3376 
3378 
3382 
3380 
3379 
3380 
3384 
3383 
3383 
3391 
3391 
3390 
3392 
3395 
3394 
3393 
3391 
3389 
3387 
3383 
3381 
3375 
3373 
3374 
3372 
3366 
3366 
3379 
3374 
3383 
3386 
3380 
3394 
3386 
3401 
3403 
3401 
3402 
3395 
3393 
3388 
3383 
3378 
3371 
3369 
3364 
3365 
3362 
3364 
3366 
3364 
3376 
3375 
3385 
3391 
3397 
3395 
3406 
3412 
3414 
3415 
3411 
3405 
3402 
3394 
3385 
3375 
3365 
3360 
3347 
3343 
3340 
3341 
3344 
3348 
3360 
3364 
3380 
3398 
3409 
3424 
3428 
3440 
3438 
3437 
3438 
3425 
3412 
3398 
3380 
3362 
3345 
3330 
3314 
3309 
3306 
3309 
3315 
3328 
3348 
3366 
3385 
3410 
3436 
3450 
3462 
3473 
3472 
3470 
3458 
3445 
3424 
3396 
3373 
3344 
3323 
3306 
3286 
3278 
3276 
3284 
3292 
3311 
3336 
3360 
3392 
3418 
3447 
3471 
3487 
3499 
3505 
3496 
3488 
3469 
3442 
3408 
3377 
3342 
3313 
3282 
3263 
3247 
3236 
3245 
3254 
3280 
3308 
3341 
3379 
3420 
3460 
3488 
3517 
3538 
3541 
3542 
3524 
3500 
3466 
3428 
3385 
3337 
3296 
3260 
3229 
3210 
3198 
3204 
3217 
3248 
3282 
3327 
3375 
3420 
3472 
3512 
3543 
3566 
3575 
3570 
3556 
3524 
3478 
3441 
3393 
3340 
3293 
3246 
3214 
3190 
3175 
3179 
3190 
3217 
3258 
3305 
3358 
3410 
3464 
3510 
3551 
3578 
3600 
3599 
3580 
3562 
3518 
3469 
3418 
3360 
3300 
3248 
3201 
3170 
3143 
3145 
3153 
3181 
3218 
3268 
3323 
3385 
3450 
3501 
3553 
3594 
3615 
3622 
3614 
3590 
3556 
3500 
3442 
3377 
3316 
3252 
3205 
3161 
3133 
3126 
3127 
3152 
3183 
3237 
3298 
3362 
3430 
3490 
3550 
3590 
3621 
3635 
3632 
3614 
3574 
3529 
3470 
3405 
3340 
3270 
3218 
3170 
3137 
3118 
3117 
3130 
3158 
3205 
3259 
3325 
3394 
3462 
3522 
3574 
3613 
3635 
3645 
3635 
3604 
3559 
3502 
3441 
3375 
3309 
3247 
3188 
3146 
3111 
3108 
3114 
3138 
3177 
3231 
3298 
3327 
3436 
3502 
3556 
3607 
3634 
3646 
3647 
3622 
3583 
3534 
3472 
3404 
3335 
3272 
3211 
3168 
3130 
3113 
3112 
3125 
3160 
3197 
3259 
3326 
3397 
3466 
3524 
3579 
3616 
3641 
3646 
3637 
3607 
3562 
3512 
3443 
3379 
3314 
3248 
3191 
3148 
3124 
3112 
3117 
3139 
3176 
3232 
3290 
3359 
3425 
3489 
3550 
3594 
3623 
3638 
3637 
3618 
3580 
3530 
3472 
3412 
3346 
3284 
3227 
3174 
3144 
3122 
3121 
3135 
3165 
3206 
3258 
3322 
3384 
3447 
3512 
3559 
3600 
3622 
3628 
3619 
3593 
3556 
3504 
3448 
3388 
3329 
3270 
3214 
3172 
3142 
3133 
3138 
3156 
3187 
3232 
3288 
3342 
3409 
3471 
3523 
3564 
3600 
3615 
3614 
3603 
3574 
3530 
3482 
3422 
3362 
3302 
3248 
3204 
3164 
3143 
3138 
3149 
3176 
3210 
3261 
3314 
3376 
3434 
3487 
3535 
3566 
3592 
3595 
3593 
3578 
3538 
3490 
3444 
3391 
3338 
3285 
3238 
3205 
3181 
3160 
3157 
3176 
3199 
3242 
3283 
3337 
3390 
3447 
3490 
3527 
3559 
3575 
3582 
3574 
3551 
3518 
3472 
3428 
3374 
3323 
3278 
3234 
3200 
3180 
3173 
3171 
3189 
3216 
3259 
3306 
3354 
3408 
3454 
3500 
3540 
3558 
3569 
3566 
3553 
3528 
3490 
3448 
3400 
3354 
3306 
3265 
3232 
3198 
3189 
3189 
3197 
3219 
3248 
3282 
3328 
3377 
3424 
3468 
3504 
3528 
3550 
3554 
3548 
3531 
3506 
3472 
3426 
3380 
3338 
3295 
3262 
3230 
3211 
3198 
3199 
3218 
3239 
3263 
3300 
3336 
3382 
3425 
3466 
3495 
3518 
3532 
3536 
3526 
3511 
3483 
3447 
3406 
3370 
3333 
3291 
3257 
3236 
3216 
3209 
3218 
3231 
3258 
3286 
3318 
3358 
3398 
3442 
3476 
3502 
3512 
3525 
3518 
3505 
3490 
3456 
3422 
3386 
3349 
3314 
3284 
3256 
3237 
3228 
3226 
3236 
3251 
3273 
3311 
3342 
3376 
3410 
3437 
3470 
3487 
3502 
3504 
3506 
3490 
3468 
3439 
3406 
3378 
3331 
3309 
3284 
3260 
3243 
3238 
3237 
3246 
3267 
3290 
3318 
3358 
3386 
3415 
3443 
3463 
3490 
3494 
3495 
3490 
3473 
3450 
3422 
3392 
3356 
3330 
3302 
3280 
3262 
3248 
3246 
3251 
3265 
3286 
3308 
3338 
3366 
3401 
3426 
3445 
3467 
3467 
3479 
3474 
3468 
3450 
3428 
3406 
3376 
3350 
3322 
3300 
3282 
3268 
3262 
3262 
3270 
3282 
3302 
3330 
3346 
3376 
3403 
3429 
3456 
3461 
3466 
3468 
3465 
3454 
3437 
3419 
3391 
3372 
3342 
3319 
3299 
3284 
3276 
3263 
3270 
3278 
3295 
3314 
3334 
3360 
3383 
3412 
3434 
3447 
3459 
3456 
3461 
3450 
3439 
3426 
3402 
3378 
3356 
3334 
3312 
3301 
3286 
3280 
3282 
3286 
3297 
3311 
3328 
3352 
3370 
3390 
3412 
3428 
3438 
3446 
3450 
3443 
3438 
3426 
3409 
3394 
3370 
3352 
3330 
3312 
3306 
3293 
3286 
3286 
3295 
3306 
3319 
3339 
3354 
3378 
3396 
3412 
3426 
3436 
3446 
3440 
3435 
3428 
3408 
3400 
3382 
3358 
3342 
3326 
3310 
3302 
3302 
3290 
3300 
3307 
3316 
3322 
3351 
3366 
3382 
3400 
3410 
3423 
3434 
3431 
3431 
3422 
3412 
3402 
3383 
3372 
3350 
3339 
3324 
3316 
3306 
3302 
3304 
3311 
3319 
3327 
3341 
3353 
3368 
3389 
3400 
3411 
3420 
3424 
3422 
3422 
3417 
3402 
3391 
3378 
3361 
3348 
3334 
3322 
3314 
3309 
3310 
3307 
3316 
3326 
3337 
3350 
3358 
3380 
3390 
3404 
3414 
3420 
3420 
3414 
3415 
3403 
3397 
3384 
3366 
3354 
3340 
3333 
3322 
3318 
3316 
3316 
3322 
3326 
3335 
3350 
3356 
3364 
3378 
3391 
3402 
3408 
3412 
3408 
3408 
3400 
3394 
3386 
3376 
3364 
3350 
3344 
3331 
3325 
3322 
3319 
3320 
3324 
3333 
3340 
3353 
3365 
3373 
3382 
3394 
3401 
3406 
3408 
3412 
3400 
3396 
3388 
3377 
3368 
3356 
3348 
3336 
3330 
3326 
3324 
3325 
3326 
3336 
3341 
3349 
3364 
3376 
3378 
3382 
3396 
3400 
3403 
3404 
3398 
3398 
3386 
3381 
3371 
3364 
3356 
3344 
3335 
3334 
3332 
3334 
3332 
3336 
3342 
3350 
3358 
3364 
3371 
3382 
3388 
3384 
3395 
3398 
3396 
3394 
3388 
3383 
3374 
3367 
3360 
3352 
3348 
3338 
3337 
3337 
3333 
3340 
3340 
3345 
3354 
3365 
3370 
3374 
3380 
3392 
3394 
3390 
3394 
3393 
3384 
3382 
3375 
3361 
3362 
3351 
3346 
3342 
3336 
3338 
3340 
3342 
3344 
3354 
3358 
3364 
3370 
3376 
3382 
3377 
3381 
3392 
3383 
3372 
3377 
3377 
3370 
3367 
3363 
3359 
3357 
3349 
3352 
3347 
3349 
3352 
3358 
3354 
3356 
3361 
3362 
3370 
3374 
3374 
3381 
3374 
3376 
3386 
3376 
3370 
3368 
3365 
3362 
3361 
3358 
3354 
3355 
3351 
3353 
3354 
3357 
3360 
3360 
3365 
3363 
3369 
3375 
3373 
3374 
3372 
3373 
3368 
3365 
3374 
3360 
3356 
3356 
3357 
3355 
3356 
3360 
3357 
3360 
3362 
3367 
3370 
3368 
3370 
3370 
3372 
3366 
3368 
3370 
3361 
3361 
3358 
3357 
3354 
3351 
3362 
3354 
3353 
3360 
3364 
3368 
3369 
3374 
3372 
3377 
3375 
3372 
3375 
3371 
3367 
3364 
3361 
3360 
3354 
3354 
3351 
3353 
3352 
3353 
3351 
3348 
3366 
3360 
3361 
3371 
3371 
3376 
3378 
3380 
3378 
3380 
3376 
3372 
3372 
3366 
3364 
3355 
3349 
3348 
3340 
3340 
3340 
3341 
3344 
3346 
3350 
3353 
3375 
3372 
3377 
3387 
3385 
3389 
3390 
3391 
3390 
3381 
3371 
3364 
3357 
3350 
3343 
3336 
3330 
3332 
3330 
3334 
3338 
3345 
3353 
3359 
3363 
3372 
3393 
3390 
3388 
3394 
3393 
3395 
3390 
3385 
3375 
3364 
3357 
3347 
3341 
3338 
3331 
3327 
3328 
3332 
3332 
3341 
3347 
3356 
3367 
3373 
3381 
3386 
3401 
3400 
3392 
3397 
3394 
3389 
3382 
3370 
3361 
3350 
3343 
3334 
3327 
3324 
3318 
3325 
3326 
3333 
3346 
3351 
3362 
3374 
3384 
3392 
3397 
3400 
3409 
3405 
3392 
3393 
3383 
3373 
3365 
3349 
3340 
3332 
3325 
3318 
3314 
3318 
3320 
3329 
3342 
3351 
3363 
3369 
3384 
3391 
3399 
3406 
3403 
3400 
3406 
3396 
3380 
3379 
3368 
3353 
3346 
3334 
3328 
3323 
3317 
3320 
3318 
3325 
3334 
3341 
3354 
3364 
3377 
3384 
3397 
3402 
3409 
3405 
3397 
3408 
3391 
3381 
3374 
3363 
3349 
3340 
3329 
3320 
3316 
3315 
3315 
3321 
3324 
3336 
3346 
3357 
3373 
3381 
3393 
3400 
3407 
3410 
3406 
3405 
3395 
3399 
3390 
3369 
3366 
3320 
3333 
3323 
3317 
3318 
3317 
3316 
3323 
3332 
3341 
3351 
3365 
3375 
3388 
3394 
3401 
3406 
3405 
3407 
3399 
3393 
3384 
3369 
3360 
3356 
3340 
3323 
3323 
3318 
3317 
3319 
3318 
3325 
3331 
3345 
3358 
3367 
3378 
3389 
3397 
3402 
3407 
3407 
3403 
3400 
3388 
3381 
3369 
3351 
3341 
3337 
3324 
3316 
3317 
3316 
3319 
3324 
3331 
3344 
3354 
3365 
3375 
3380 
3385 
3395 
3401 
3406 
3404 
3398 
3392 
3384 
3372 
3365 
3348 
3336 
3342 
3324 
3316 
3318 
3316 
3324 
3323 
3333 
3342 
3353 
3368 
3374 
3385 
3392 
3399 
3402 
3404 
3400 
3392 
3389 
3377 
3369 
3362 
3345 
3332 
3336 
3325 
3314 
3319 
3323 
3321 
3332 
3334 
3349 
3359 
3369 
3384 
3387 
3391 
3398 
3399 
3398 
3392 
3389 
3379 
3375 
3366 
3357 
3348 
3333 
3329 
3331 
3321 
3320 
3328 
3330 
3336 
3344 
3353 
3361 
3370 
3376 
3387 
3388 
3395 
3394 
3393 
3393 
3385 
3377 
3373 
3364 
3354 
3346 
3336 
3333 
3335 
3326 
3321 
3329 
3332 
3341 
3346 
3353 
3368 
3373 
3379 
3384 
3393 
3393 
3396 
3394 
3385 
3385 
3374 
3364 
3360 
3349 
3345 
3332 
3327 
3334 
3333 
3336 
3330 
3337 
3343 
3351 
3362 
3369 
3375 
3376 
3385 
3386 
3389 
3390 
3385 
3380 
3374 
3372 
3363 
3357 
3353 
3343 
3342 
3334 
3333 
3339 
3337 
3349 
3336 
3343 
3351 
3357 
3366 
3372 
3378 
3380 
3387 
3387 
3388 
3388 
3380 
3377 
3369 
3365 
3360 
3349 
3343 
3338 
3336 
3331 
3333 
3341 
3339 
3351 
3346 
3355 
3363 
3367 
3375 
3376 
3381 
3384 
3383 
3384 
3381 
3377 
3368 
3367 
3360 
3356 
3348 
3340 
3341 
3336 
3335 
3338 
3337 
3346 
3348 
3357 
3354 
3361 
3377 
3373 
3379 
3380 
3381 
3382 
3380 
3381 
3372 
3367 
3364 
3357 
3354 
3348 
3345 
3338 
3340 
3338 
3340 
3343 
3343 
3352 
3353 
3367 
3363 
3367 
3369 
3373 
3381 
3378 
3377 
3379 
3373 
3374 
3366 
3364 
3358 
3351 
3349 
3341 
3340 
3338 
3348 
3342 
3341 
3348 
3350 
3357 
3363 
3369 
3369 
3368 
3375 
3374 
3375 
3378 
3373 
3370 
3366 
3365 
3360 
3357 
3355 
3348 
3349 
3343 
3345 
3346 
3345 
3349 
3347 
3353 
3358 
3364 
3364 
3372 
3368 
3369 
3374 
3374 
3375 
3375 
3368 
3369 
3363 
3361 
3360 
3351 
3348 
3346 
3345 
3343 
3345 
3347 
3345 
3351 
3352 
3361 
3366 
3364 
3374 
3373 
3369 
3372 
3373 
3372 
3369 
3368 
3362 
3361 
3358 
3356 
3354 
3348 
3348 
3344 
3345 
3349 
3348 
3348 
3350 
3357 
3356 
3365 
3370 
3361 
3372 
3374 
3368 
3368 
3365 
3364 
3363 
3363 
3362 
3357 
3356 
3352 
3351 
3347 
3350 
3347 
3349 
3351 
3348 
3352 
3352 
3357 
3362 
3367 
3368 
3356 
3372 
3374 
3367 
3368 
3365 
3367 
3362 
3361 
3359 
3356 
3356 
3349 
3348 
3348 
3349 
3350 
3350 
3353 
3350 
3357 
3360 
3359 
3365 
3365 
3372 
3362 
3369 
3374 
3365 
3362 
3362 
3359 
3358 
3357 
3360 
3353 
3355 
3350 
3353 
3352 
3353 
3356 
3353 
3353 
3357 
3357 
3360 
3359 
3361 
3360 
3365 
3366 
3365 
3367 
3361 
3364 
3362 
3361 
3362 
3357 
3355 
3354 
3353 
3352 
3351 
3354 
3359 
3355 
3356 
3356 
3355 
3357 
3364 
3360 
3363 
3365 
3365 
3366 
3362 
3362 
3360 
3363 
3360 
3359 
3354 
3348 
3357 
3352 
3353 
3356 
3355 
3353 
3348 
3357 
3358 
3356 
3354 
3328 
3360 
3358 
3361 
3362 
3361 
3364 
3361 
3361 
3360 
3359 
3362 
3358 
3356 
3353 
3355 
3354 
3353 
3355 
3351 
3353 
3352 
3360 
3362 
3351 
3360 
3362 
3361 
3362 
3364 
3366 
3363 
3367 
3362 
3361 
3362 
3357 
3361 
3355 
3355 
3356 
3356 
3354 
3353 
3355 
3354 
3357 
3362 
3365 
3354 
3360 
3364 
3358 
3361 
3364 
3362 
3364 
3360 
3361 
3360 
3359 
3361 
3357 
3361 
3356 
3357 
3355 
3353 
3356 
3352 
3353 
3355 
3356 
3362 
3362 
3354 
3353 
3362 
3362 
3359 
3362 
3360 
3361 
3360 
3361 
3362 
3361 
3358 
3358 
3357 
3354 
3357 
3354 
3353 
3357 
3354 
3356 
3355 
3361 
3364 
3350 
3359 
3360 
3357 
3360 
3359 
3363 
3359 
3361 
3362 
3359 
3361 
3356 
3360 
3354 
3357 
3360 
3357 
3354 
3354 
3357 
3353 
3355 
3362 
3359 
3353 
3356 
3359 
3358 
3357 
3361 
3359 
3360 
3362 
3365 
3362 
3359 
3360 
3356 
3358 
3358 
3357 
3356 
3348 
3353 
3352 
3351 
3358 
3364 
3362 
3352 
3359 
3354 
3359 
3362 
3359 
3366 
3362 
3365 
3363 
3361 
3364 
3359 
3355 
3359 
3361 
3358 
3358 
3357 
3354 
3355 
3354 
3357 
3363 
3362 
3355 
3355 
3355 
3362 
3363 
3360 
3362 
3361 
3362 
3362 
3365 
3359 
3363 
3358 
3359 
3358 
3357 
3357 
3352 
3351 
3354 
3353 
3352 
3352 
3360 
3358 
3353 
3362 
3359 
3362 
3360 
3365 
3363 
3365 
3368 
3363 
3361 
3360 
3359 
3355 
3357 
3358 
3355 
3355 
3354 
3356 
3355 
3356 
3359 
3355 
3363 
3366 
3357 
3362 
3359 
3362 
3361 
3365 
3366 
3365 
3368 
3361 
3363 
3361 
3361 
3362 
3357 
3354 
3353 
3353 
3352 
3355 
3355 
3355 
3360 
3362 
3367 
3355 
3357 
3385 
3359 
3363 
3366 
3365 
3366 
3363 
3363 
3359 
3359 
3358 
3357 
3355 
3352 
3354 
3353 
3353 
3354 
3355 
3354 
3362 
3357 
3362 
3363 
3355 
3358 
3374 
3360 
3361 
3363 
3361 
3364 
3358 
3357 
3358 
3357 
3358 
3355 
3357 
3355 
3357 
3355 
3352 
3358 
3355 
3361 
3359 
3361 
3368 
3367 
3353 
3359 
3377 
3360 
3363 
3362 
3359 
3363 
3358 
3357 
3358 
3353 
3356 
3353 
3351 
3352 
3351 
3354 
3351 
3355 
3352 
3357 
3360 
3359 
3367 
3365 
3359 
3362 
3385 
3366 
3363 
3360 
3358 
3357 
3350 
3353 
3354 
3353 
3354 
3350 
3353 
3353 
3353 
3358 
3355 
3355 
3358 
3361 
3362 
3359 
3363 
3363 
3369 
3366 
3356 
3363 
3365 
3362 
3358 
3357 
3360 
3357 
3355 
3355 
3357 
3355 
3355 
3355 
3355 
3359 
3358 
3359 
3362 
3361 
3366 
3365 
3365 
3360 
3361 
3384 
3359 
3362 
3359 
3361 
3360 
3359 
3359 
3353 
3355 
3352 
3353 
3355 
3353 
3355 
3353 
3357 
3355 
3359 
3362 
3359 
3365 
3362 
3365 
3355 
3361 
3385 
3359 
3361 
3362 
3359 
3360 
3355 
3357 
3353 
3355 
3358 
3357 
3355 
3353 
3357 
3355 
3359 
3363 
3363 
3362 
3363 
3365 
3368 
3369 
3360 
3362 
3387 
3359 
3359 
3360 
3357 
3360 
3355 
3355 
3356 
3357 
3354 
3354 
3353 
3352 
3349 
3358 
3359 
3361 
3358 
3363 
3361 
3363 
3368 
3365 
3354 
3358 
3377 
3357 
3359 
3360 
3354 
3357 
3354 
3357 
3352 
3356 
3361 
3355 
3357 
3360 
3359 
3362 
3362 
3363 
3363 
3367 
3368 
3365 
3367 
3362 
3359 
3360 
3383 
3360 
3359 
3355 
3353 
3356 
3352 
3355 
3355 
3355 
3359 
3354 
3357 
3358 
3357 
3361 
3359 
3360 
3361 
3361 
3362 
3359 
3361 
3358 
3357 
3358 
3383 
3358 
3353 
3355 
3352 
3351 
3354 
3351 
3352 
3352 
3356 
3358 
3359 
3363 
3361 
3367 
3366 
3365 
3366 
3364 
3365 
3361 
3361 
3363 
3353 
3354 
3377 
3355 
3352 
3353 
3354 
3356 
3358 
3354 
3359 
3355 
3359 
3362 
3363 
3362 
3362 
3365 
3362 
3365 
3363 
3363 
3363 
3362 
3361 
3359 
3353 
3358 
3375 
3351 
3353 
3353 
3354 
3353 
3353 
3352 
3357 
3358 
3359 
3363 
3360 
3365 
3362 
3365 
3366 
3365 
3362 
3360 
3359 
3358 
3358 
3349 
3352 
3374 
3350 
3353 
3354 
3353 
3357 
3353 
3353 
3358 
3359 
3360 
3355 
3361 
3359 
3363 
3362 
3363 
3363 
3360 
3361 
3355 
3357 
3362 
3358 
3354 
3356 
3346 
3330 
3349 
3352 
3350 
3354 
3354 
3354 
3358 
3357 
3362 
3360 
3361 
3366 
3363 
3362 
3362 
3362 
3358 
3361 
3362 
3359 
3358 
3352 
3353 
3347 
3351 
3375 
3351 
3352 
3353 
3357 
3355 
3359 
3362 
3361 
3367 
3362 
3365 
3366 
3364 
3366 
3361 
3361 
3360 
3357 
3358 
3355 
3355 
3350 
3347 
3352 
3373 
3355 
3352 
3357 
3355 
3357 
3362 
3362 
3362 
3364 
3365 
3363 
3365 
3365 
3362 
3366 
3362 
3361 
3368 
3357 
3358 
3351 
3350 
3352 
3353 
3370 
3350 
3327 
3351 
3356 
3360 
3362 
3363 
3362 
3365 
3363 
3365 
3370 
3367 
3364 
3361 
3359 
3360 
3359 
3357 
3355 
3356 
3352 
3372 
3355 
3376 
3356 
3353 
3357 
3358 
3361 
3362 
3362 
3365 
3363 
3366 
3363 
3364 
3371 
3362 
3363 
3360 
3359 
3362 
3357 
3354 
3350 
3350 
3350 
3356 
3374 
3352 
3355 
3354 
3357 
3358 
3357 
3364 
3355 
3376 
3362 
3361 
3364 
3362 
3364 
3360 
3362 
3362 
3359 
3360 
3353 
3357 
3354 
3355 
3358 
3357 
3376 
3356 
3359 
3360 
3359 
3366 
3363 
3367 
3366 
3365 
3366 
3364 
3366 
3359 
3361 
3360 
3359 
3358 
3354 
3357 
3354 
3356 
3358 

