3362
3361
3362
3360
3364
3362
3362
3364
3361
3367
3366
3362
3362
3356
3362
3360
3363
3362
3364
3362
3359
3364
3364
3362
3362
3364
3360
3356
3360
3355
3361
3362
3360
3358
3358
3361
3360
3359
3355
3356
3360
3356
3359
3360
3360
3364
3357
3359
3360
3359
3360
3358
3358
3356
3359
3362
3359
3362
3358
3362
3358
3365
3370
3362
3360
3356
3361
3360
3361
3361
3357
3362
3360
3361
3362
3361
3361
3360
3360
3358
3361
3362
3362
3362
3362
3364
3362
3368
3370
3362
3362
3360
3364
3366
3365
3364
3364
3364
3362
3364
3366
3360
3364
3362
3359
3363
3361
3368
3365
3365
3367
3365
3366
3368
3369
3363
3363
3360
3365
3367
3360
3366
3363
3365
3370
3367
3366
3366
3369
3366
3367
3368
3367
3370
3366
3369
3371
3369
3372
3369
3369
3369
3365
3368
3365
3368
3366
3369
3368
3367
3366
3366
3370
3368
3371
3374
3371
3370
3370
3372
3370
3373
3371
3371
3378
3375
3372
3370
3365
3372
3368
3369
3374
3373
3370
3368
3371
3370
3371
3374
3376
3375
3370
3376
3374
3376
3378
3376
3376
3372
3377
3378
3373
3370
3366
3374
3370
3374
3374
3376
3376
3374
3374
3374
3373
3374
3372
3374
3372
3377
3378
3377
3378
3374
3376
3378
3383
3378
3373
3369
3372
3375
3372
3374
3375
3373
3375
3374
3376
3375
3376
3379
3373
3377
3375
3380
3378
3375
3376
3376
3383
3382
3380
3375
3367
3376
3371
3377
3378
3376
3376
3375
3377
3375
3377
3377
3375
3379
3375
3380
3378
3377
3381
3378
3377
3375
3383
3384
3375
3374
3370
3377
3378
3379
3379
3376
3378
3377
3377
3382
3379
3384
3377
3380
3377
3381
3378
3377
3381
3378
3380
3382
3383
3380
3373
3373
3375
3377
3378
3378
3378
3374
3380
3378
3380
3380
3375
3380
3379
3377
3382
3381
3379
3377
3380
3377
3381
3385
3377
3376
3364
3380
3375
3376
3380
3375
3377
3378
3381
3380
3377
3379
3378
3380
3378
3381
3381
3376
3381
3377
3377
3382
3383
3384
3378
3373
3372
3377
3378
3377
3381
3376
3380
3382
3377
3381
3379
3380
3380
3381
3380
3380
3381
3376
3381
3382
3380
3384
3380
3381
3374
3367
3380
3381
3382
3381
3381
3382
3381
3381
3377
3381
3378
3380
3379
3377
3380
3376
3375
3378
3377
3378
3374
3380
3376
3378
3374
3367
3379
3376
3380
3378
3381
3382
3381
3384
3383
3383
3380
3381
3380
3381
3382
3378
3383
3384
3381
3384
3379
3377
3380
3380
3378
3375
3373
3376
3378
3378
3380
3381
3377
3381
3379
3381
3384
3381
3381
3380
3381
3380
3381
3378
3377
3381
3378
3377
3379
3377
3380
3377
3377
3380
3381
3380
3378
3380
3372
3375
3374
3381
3382
3380
3384
3387
3377
3382
3377
3382
3380
3373
3379
3381
3381
3381
3384
3380
3381
3384
3381
3384
3381
3381
3382
3383
3384
3381
3381
3380
3383
3382
3384
3387
3382
3385
3379
3373
3382
3379
3377
3377
3380
3376
3377
3379
3377
3382
3378
3381
3386
3385
3388
3388
3388
3388
3389
3384
3381
3381
3377
3381
3370
3361
3370
3366
3369
3370
3373
3378
3381
3384
3388
3393
3393
3397
3396
3392
3395
3390
3388
3384
3377
3375
3365
3365
3363
3361
3360
3346
3361
3363
3372
3374
3385
3390
3394
3401
3405
3409
3414
3409
3405
3404
3393
3384
3377
3366
3355
3353
3342
3343
3339
3340
3345
3339
3357
3370
3385
3400
3409
3421
3427
3435
3438
3436
3435
3416
3405
3387
3369
3354
3337
3323
3310
3308
3304
3309
3320
3331
3351
3360
3393
3414
3432
3450
3465
3467
3467
3461
3450
3431
3411
3385
3363
3338
3316
3298
3280
3275
3273
3279
3294
3313
3337
3364
3393
3412
3447
3472
3485
3500
3498
3493
3480
3455
3432
3397
3365
3331
3301
3276
3251
3241
3234
3239
3258
3278
3311
3346
3388
3432
3461
3488
3521
3535
3540
3533
3514
3492
3456
3413
3373
3324
3285
3250
3220
3204
3195
3201
3220
3244
3286
3332
3380
3427
3477
3518
3548
3559
3572
3569
3550
3521
3483
3435
3382
3328
3281
3236
3199
3178
3164
3170
3186
3217
3256
3305
3360
3412
3467
3516
3557
3586
3598
3590
3579
3555
3514
3463
3407
3346
3293
3238
3193
3162
3141
3134
3148
3176
3215
3268
3327
3391
3457
3512
3565
3603
3621
3633
3619
3583
3550
3495
3436
3367
3305
3242
3188
3150
3125
3115
3117
3144
3179
3233
3298
3361
3430
3494
3553
3598
3629
3643
3643
3623
3572
3533
3474
3404
3338
3265
3205
3158
3117
3098
3096
3115
3147
3197
3256
3325
3400
3466
3533
3587
3631
3656
3660
3649
3616
3561
3510
3443
3370
3294
3230
3166
3124
3096
3085
3093
3115
3159
3214
3284
3358
3429
3504
3566
3621
3650
3668
3669
3639
3603
3535
3479
3410
3335
3263
3167
3141
3102
3081
3080
3094
3132
3180
3244
3314
3388
3464
3523
3583
3634
3655
3662
3650
3627
3578
3511
3450
3376
3302
3230
3173
3122
3093
3082
3085
3111
3148
3204
3268
3343
3419
3487
3559
3608
3644
3659
3657
3640
3597
3551
3488
3405
3338
3267
3203
3147
3111
3088
3084
3099
3126
3176
3235
3305
3382
3453
3518
3573
3620
3647
3657
3650
3620
3579
3520
3461
3359
3308
3250
3185
3139
3108
3093
3092
3109
3149
3198
3262
3334
3405
3474
3532
3585
3619
3643
3647
3629
3596
3546
3487
3424
3357
3280
3221
3166
3130
3108
3098
3105
3134
3173
3229
3294
3361
3432
3495
3553
3594
3623
3635
3629
3606
3564
3516
3454
3395
3327
3237
3209
3162
3132
3112
3113
3130
3159
3206
3258
3321
3387
3448
3503
3555
3591
3616
3621
3610
3583
3544
3491
3435
3370
3313
3254
3172
3163
3135
3125
3130
3151
3183
3228
3285
3344
3408
3466
3515
3562
3586
3605
3606
3588
3564
3513
3463
3404
3343
3286
3236
3192
3131
3143
3139
3150
3189
3209
3259
3310
3371
3427
3479
3523
3550
3578
3586
3581
3560
3526
3487
3435
3384
3327
3273
3232
3193
3169
3130
3155
3170
3196
3235
3280
3335
3390
3444
3491
3525
3560
3574
3577
3567
3543
3507
3460
3415
3362
3310
3266
3220
3194
3174
3166
3146
3189
3224
3259
3309
3362
3409
3458
3499
3531
3550
3559
3554
3539
3514
3473
3434
3386
3339
3298
3259
3223
3202
3188
3186
3196
3192
3253
3291
3329
3377
3422
3461
3496
3523
3533
3538
3533
3514
3487
3454
3411
3371
3326
3287
3251
3222
3208
3198
3203
3218
3237
3240
3303
3348
3390
3429
3465
3494
3517
3523
3525
3514
3493
3466
3430
3390
3354
3313
3278
3249
3228
3214
3213
3218
3237
3265
3288
3301
3363
3403
3438
3469
3491
3503
3511
3502
3491
3471
3443
3413
3374
3333
3306
3276
3254
3235
3229
3227
3237
3256
3279
3309
3338
3347
3410
3442
3470
3485
3497
3499
3489
3483
3453
3425
3394
3361
3326
3299
3273
3253
3246
3242
3253
3259
3277
3304
3329
3359
3388
3393
3442
3463
3478
3486
3485
3474
3460
3435
3402
3377
3344
3319
3298
3273
3259
3253
3253
3260
3275
3296
3317
3347
3374
3400
3419
3415
3456
3466
3469
3466
3453
3434
3414
3389
3362
3339
3314
3295
3283
3268
3267
3267
3277
3296
3313
3336
3359
3385
3387
3427
3440
3427
3462
3459
3453
3442
3421
3403
3376
3353
3330
3303
3296
3278
3273
3270
3280
3290
3307
3327
3347
3371
3394
3415
3434
3441
3443
3418
3444
3434
3423
3403
3387
3370
3342
3325
3307
3295
3288
3283
3283
3288
3303
3318
3333
3355
3374
3395
3418
3431
3435
3436
3413
3432
3425
3414
3397
3376
3356
3337
3320
3307
3298
3292
3299
3299
3305
3322
3336
3354
3369
3385
3403
3421
3432
3430
3430
3399
3423
3416
3399
3382
3362
3347
3330
3315
3307
3301
3298
3299
3305
3320
3333
3347
3361
3377
3392
3405
3418
3425
3424
3418
3391
3410
3393
3386
3372
3356
3339
3329
3318
3311
3310
3306
3311
3315
3329
3342
3353
3367
3386
3397
3407
3417
3424
3417
3416
3382
3401
3391
3376
3366
3350
3337
3326
3317
3310
3307
3313
3319
3327
3339
3353
3368
3375
3392
3400
3409
3419
3415
3414
3404
3377
3394
3385
3374
3359
3352
3338
3331
3326
3321
3322
3321
3327
3336
3345
3354
3363
3376
3379
3395
3402
3412
3415
3404
3399
3363
3385
3375
3367
3355
3344
3337
3331
3329
3325
3323
3331
3336
3341
3352
3361
3374
3379
3391
3400
3405
3406
3405
3401
3395
3387
3378
3369
3360
3347
3341
3336
3331
3330
3325
3330
3336
3348
3347
3359
3368
3374
3386
3390
3396
3400
3397
3395
3392
3383
3378
3373
3368
3356
3348
3337
3333
3327
3327
3331
3332
3341
3347
3355
3374
3378
3384
3386
3392
3402
3399
3400
3393
3385
3382
3375
3371
3357
3352
3337
3331
3333
3333
3338
3337
3343
3349
3359
3370
3376
3383
3386
3393
3395
3401
3400
3397
3392
3386
3379
3360
3349
3315
3337
3339
3334
3337
3339
3344
3350
3351
3361
3368
3376
3382
3386
3393
3394
3397
3394
3389
3384
3372
3369
3368
3361
3354
3337
3307
3337
3337
3339
3345
3347
3350
3362
3366
3377
3382
3385
3390
3389
3393
3394
3392
3384
3379
3371
3363
3359
3358
3345
3342
3356
3331
3336
3339
3347
3357
3364
3370
3380
3384
3391
3395
3395
3398
3387
3387
3379
3373
3368
3355
3347
3343
3345
3344
3334
3341
3360
3345
3352
3359
3369
3370
3382
3386
3391
3394
3393
3390
3386
3383
3374
3367
3360
3351
3350
3338
3335
3331
3337
3343
3337
3347
3375
3359
3368
3375
3385
3387
3398
3398
3398
3395
3389
3384
3375
3367
3362
3349
3339
3332
3329
3326
3295
3334
3341
3354
3350
3373
3391
3385
3395
3398
3403
3403
3403
3400
3391
3381
3370
3363
3350
3340
3331
3322
3321
3318
3321
3331
3335
3347
3363
3375
3378
3393
3419
3401
3408
3403
3399
3400
3389
3384
3369
3355
3347
3333
3330
3322
3319
3316
3319
3326
3333
3344
3352
3369
3386
3399
3403
3420
3427
3410
3409
3402
3393
3384
3369
3359
3342
3334
3323
3315
3314
3308
3305
3320
3329
3342
3351
3369
3383
3397
3410
3420
3418
3422
3435
3403
3397
3386
3371
3359
3342
3332
3315
3312
3310
3306
3312
3318
3330
3343
3352
3370
3382
3393
3406
3413
3424
3419
3415
3416
3415
3386
3373
3360
3342
3328
3315
3309
3306
3301
3306
3310
3320
3330
3349
3366
3378
3396
3403
3417
3419
3423
3428
3417
3405
3398
3401
3360
3344
3339
3320
3312
3306
3301
3302
3303
3316
3326
3341
3362
3376
3390
3404
3413
3418
3423
3422
3413
3414
3395
3381
3371
3371
3338
3326
3310
3306
3301
3304
3302
3313
3322
3338
3354
3372
3386
3394
3409
3416
3427
3424
3417
3406
3397
3388
3370
3355
3350
3336
3314
3302
3300
3298
3301
3310
3319
3332
3348
3365
3380
3392
3406
3414
3429
3422
3420
3413
3396
3388
3372
3364
3350
3331
3326
3324
3301
3298
3301
3306
3312
3330
3342
3359
3375
3388
3394
3409
3415
3418
3415
3414
3404
3395
3381
3366
3350
3340
3326
3310
3317
3304
3301
3306
3312
3322
3332
3349
3360
3379
3394
3403
3414
3416
3417
3414
3408
3403
3387
3375
3360
3345
3330
3318
3310
3302
3314
3306
3303
3319
3330
3346
3355
3369
3386
3396
3402
3408
3412
3410
3408
3400
3387
3382
3362
3353
3338
3328
3320
3305
3317
3320
3325
3314
3324
3336
3348
3365
3375
3388
3398
3400
3408
3408
3405
3402
3393
3381
3368
3359
3346
3337
3322
3313
3310
3310
3322
3331
3321
3334
3340
3345
3366
3380
3390
3396
3401
3403
3403
3402
3396
3387
3372
3364
3352
3339
3334
3321
3316
3314
3317
3310
3319
3323
3324
3350
3360
3373
3384
3393
3402
3400
3401
3402
3396
3390
3376
3369
3358
3349
3338
3332
3323
3316
3318
3315
3321
3326
3333
3352
3368
3364
3371
3383
3393
3396
3403
3400
3400
3394
3389
3378
3366
3354
3346
3337
3326
3319
3320
3317
3319
3322
3329
3335
3346
3367
3366
3376
3386
3385
3392
3394
3396
3390
3383
3378
3368
3362
3350
3342
3336
3328
3328
3321
3321
3326
3329
3338
3340
3348
3360
3378
3380
3376
3390
3390
3394
3388
3385
3386
3376
3366
3356
3349
3340
3335
3330
3324
3332
3326
3329
3331
3340
3338
3345
3365
3382
3383
3378
3382
3388
3386
3388
3382
3380
3374
3362
3355
3344
3337
3336
3329
3326
3326
3329
3336
3335
3346
3351
3360
3368
3381
3378
3381
3386
3383
3383
3386
3377
3374
3364
3360
3350
3348
3342
3335
3334
3332
3334
3331
3335
3342
3345
3348
3352
3366
3366
3377
3382
3382
3386
3382
3380
3374
3367
3366
3355
3350
3346
3340
3340
3332
3332
3330
3335
3338
3344
3351
3352
3358
3360
3373
3374
3392
3380
3380
3380
3374
3372
3368
3352
3354
3348
3344
3338
3335
3340
3334
3335
3338
3343
3346
3350
3358
3361
3367
3370
3378
3374
3380
3376
3374
3373
3371
3365
3362
3351
3349
3346
3343
3338
3334
3338
3338
3340
3346
3352
3356
3357
3361
3368
3367
3368
3374
3370
3376
3377
3370
3366
3363
3354
3352
3346
3344
3343
3339
3340
3338
3341
3342
3348
3352
3352
3362
3362
3370
3374
3366
3370
3371
3366
3382
3367
3362
3358
3353
3346
3349
3346
3341
3342
3339
3345
3346
3347
3354
3349
3358
3360
3372
3366
3369
3370
3365
3367
3366
3362
3371
3360
3358
3351
3349
3343
3345
3342
3340
3342
3342
3347
3350
3351
3347
3354
3364
3362
3367
3370
3373
3372
3368
3364
3364
3364
3379
3353
3355
3354
3348
3346
3344
3346
3339
3345
3350
3349
3352
3348
3360
3363
3367
3366
3367
3372
3367
3368
3358
3360
3366
3355
3360
3348
3348
3344
3343
3346
3341
3348
3346
3352
3352
3353
3359
3359
3361
3366
3365
3370
3372
3366
3363
3365
3358
3353
3358
3346
3360
3346
3345
3350
3347
3344
3348
3351
3352
3353
3355
3357
3363
3360
3368
3368
3364
3366
3361
3362
3362
3357
3346
3348
3352
3344
3356
3347
3348
3350
3346
3351
3350
3351
3362
3357
3358
3358
3364
3364
3365
3368
3365
3367
3372
3364
3362
3357
3354
3349
3349
3346
3361
3348
3345
3346
3347
3351
3354
3357
3362
3360
3364
3363
3365
3362
3367
3365
3364
3364
3360
3361
3355
3353
3347
3346
3353
3347
3368
3354
3349
3351
3354
3357
3360
3359
3365
3360
3364
3362
3364
3363
3358
3361
3355
3353
3360
3351
3351
3352
3351
3350
3351
3352
3349
3354
3354
3349
3355
3357
3362
3359
3359
3364
3365
3362
3359
3361
3359
3362
3358
3357
3355
3352
3353
3352
3349
3358
3355
3353
3356
3357
3358
3359
3363
3361
3370
3363
3364
3362
3361
3360
3354
3360
3360
3357
3352
3348
3354
3352
3357
3358
3358
3362
3360
3365
3363
3365
3370
3367
3363
3366
3369
3362
3364
3362
3357
3362
3358
3352
3355
3356
3357
3377
3353
3360
3359
3358
3357
3358
3358
3360
3360
3365
3362
3360
3362
3358
3360
3362
3357
3356
3350
3353
3350
3351
3360
3353
3377
3352
3356
3358
3357
3364
3362
3363
3365
3365
3368
3364
3365
3361
3365
3362
3359
3358
3354
3356
3353
3349
3354
3351
3348
3372
3357
3356
3359
3363
3361
3366
3366
3365
3368
3364
3365
3361
3361
3364
3357
3360
3354
3355
3355
3353
3342
3353
3354
3348
3368
3354
3357
3362
3365
3364
3365
3365
3364
3365
3365
3361
3364
3360
3357
3360
3356
3356
3351
3351
3352
3353
3354
3353
3356
3351
3377
3360
3364
3366
3362
3369
3368
3365
3368
3364
3360
3356
3357
3353
3353
3354
3349
3354
3350
3352
3352
3353
3360
3360
3355
3378
3361
3366
3367
3368
3365
3366
3362
3364
3362
3356
3354
3352
3356
3354
3349
3348
3348
3348
3350
3351
3352
3357
3363
3362
3389
3366
3369
3368
3365
3361
3365
3365
3362
3357
3356
3356
3355
3352
3353
3354
3350
3352
3352
3355
3356
3357
3360
3364
3357
3363
3357
3366
3365
3370
3366
3366
3363
3360
3362
3355
3353
3354
3351
3352
3348
3349
3350
3351
3327
3356
3355
3356
3360
3361
3367
3368
3359
3374
3364
3365
3362
3363
3364
3358
3358
3352
3352
3354
3349
3356
3351
3351
3354
3356
3354
3356
3360
3360
3363
3368
3369
3368
3356
3364
3361
3361
3355
3357
3354
3350
3353
3352
3351
3352
3350
3355
3352
3357
3358
3360
3364
3363
3365
3366
3367
3360
3362
3364
3354
3361
3360
3359
3356
3349
3354
3353
3349
3355
3351
3352
3352
3356
3351
3359
3361
3361
3368
3366
3367
3368
3364
3372
3365
3376
3358
3361
3360
3357
3360
3352
3356
3355
3353
3355
3353
3357
3354
3357
3362
3361
3360
3361
3364
3361
3361
3363
3359
3365
3360
3359
3347
3349
3353
3355
3351
3354
3353
3354
3354
3355
3354
3359
3362
3359
3366
3362
3368
3366
3367
3370
3367
3368
3360
3364
3355
3357
3347
3349
3353
3350
3352
3352
3353
3353
3351
3351
3356
3357
3360
3362
3364
3366
3367
3366
3366
3365
3360
3361
3360
3357
3358
3360
3345
3350
3349
3348
3351
3354
3349
3356
3354
3356
3359
3360
3364
3359
3365
3364
3365
3366
3364
3364
3358
3360
3358
3359
3358
3348
3345
3346
3349
3352
3351
3352
3353
3356
3360
3357
3360
3359
3369
3360
3364
3368
3364
3364
3359
3361
3360
3357
3356
3352
3355
3349
3345
3350
3349
3355
3350
3356
3355
3357
3362
3364
3363
3357
3364
3360
3361
3362
3359
3362
3358
3357
3354
3352
3356
3349
3349
3352
3343
3352
3351
3353
3356
3357
3358
3359
3363
3361
3364
3361
3365
3363
3361
3357
3353
3357
3352
3357
3352
3352
3352
3348
3353
3352
3348
3356
3351
3353
3356
3360
3360
3361
3360
3360
3364
3362
3361
3360
3356
3360
3355
3357
3358
3355
3350
3350
3360
3348
3351
3353
3352
3357
3356
3352
3358
3357
3356
3361
3361
3362
3359
3360
3357
3357
3354
